4.24307e-05
2.222e-05
-1.17579e-07
-9.57742e-06
-2.43295e-05
-3.81001e-05
-4.34133e-05
-5.63015e-05
-4.74203e-05
-3.58393e-05
-4.85553e-05
-5.17683e-05
-5.00466e-05
-6.28312e-05
-8.64517e-05
-9.98044e-05
-9.20582e-05
-9.06368e-05
-0.000101169
-9.60885e-05
-7.18265e-05
-5.25634e-05
-3.75728e-05
-2.5071e-05
-2.33772e-05
-3.01898e-05
-2.18906e-05
-7.03143e-07
3.8149e-06
9.79278e-06
1.53097e-05
2.08696e-05
4.44924e-05
5.62608e-05
4.51304e-05
2.13842e-05
-5.54249e-06
-2.05495e-05
-3.77357e-05
-5.75483e-05
-5.35413e-05
-6.4468e-05
-8.29872e-05
-7.20687e-05
-7.22468e-05
-8.35716e-05
-8.63667e-05
-9.25041e-05
-8.86019e-05
-7.89173e-05
-6.27346e-05
-4.84389e-05
-5.31234e-05
-5.54063e-05
-3.65355e-05
-1.20547e-05
3.09779e-06
1.36123e-05
6.9546e-06
1.33423e-05
1.76438e-05
3.56577e-06
1.91513e-05
2.87322e-05
1.47136e-05
-2.54948e-07
-1.18382e-05
-2.50966e-05
-4.48428e-05
-5.90768e-05
-6.37485e-05
-7.14296e-05
-8.11083e-05
-6.71676e-05
-6.00931e-05
-7.6759e-05
-8.45576e-05
-8.17974e-05
-6.65437e-05
-4.44831e-05
-4.41537e-05
-5.44377e-05
-2.74645e-05
3.2922e-06
1.34761e-05
2.49802e-05
2.56962e-05
1.85448e-05
4.21304e-06
5.89523e-06
5.01397e-06
-1.67753e-05
-1.56123e-05
-6.078e-06
-1.46729e-05
-2.35332e-05
-2.18219e-05
-3.31607e-05
-4.76042e-05
-5.89965e-05
-6.93702e-05
-7.28079e-05
-7.38673e-05
-7.26158e-05
-9.01921e-05
-9.69069e-05
-8.84412e-05
-9.63842e-05
-8.68696e-05
-5.6631e-05
-4.44203e-05
-3.21397e-05
-1.64156e-05
-1.21129e-05
-2.52503e-06
8.28987e-06
9.68917e-06
1.31327e-05
1.52829e-05
1.22526e-05
1.07451e-05
1.22515e-05
9.46333e-06
3.79162e-06
1.49942e-05
1.26391e-05
5.55763e-06
4.57392e-06
-6.16182e-06
-2.19849e-05
-3.48172e-05
-3.96612e-05
-4.70605e-05
-5.90687e-05
-8.9397e-05
-0.000110342
-0.000107386
-0.000108823
-0.000111149
-0.000112511
-0.000107964
-9.4773e-05
-7.10058e-05
-6.00803e-05
-6.28475e-05
-4.24179e-05
-2.69476e-05
-7.59837e-06
2.02841e-05
2.95786e-05
2.32119e-05
1.73469e-05
2.92526e-05
3.87125e-05
2.88231e-05
1.62491e-05
9.22701e-06
-1.9057e-06
-2.18859e-05
-3.9298e-05
-4.10128e-05
-5.19534e-05
-7.00058e-05
-7.88009e-05
-6.88137e-05
-4.36077e-05
-3.15064e-05
-3.20116e-05
-3.89884e-05
-5.46845e-05
-6.86403e-05
-6.49383e-05
-6.81385e-05
-6.5213e-05
-4.87008e-05
-4.21001e-05
-5.21385e-05
-5.7071e-05
-4.61583e-05
-4.87998e-05
-4.80023e-05
-3.44633e-05
-2.46112e-05
-2.00594e-05
-1.32049e-05
-6.40047e-06
-9.5227e-07
5.97439e-06
1.93166e-05
3.31153e-05
3.73236e-05
3.19476e-05
2.11688e-05
1.94657e-05
1.38952e-05
-7.35739e-06
-1.36251e-05
-2.43818e-05
-3.58359e-05
-4.75134e-05
-4.85332e-05
-3.25669e-05
-2.82282e-05
-2.33329e-05
-1.99243e-05
-2.3298e-05
-2.64738e-05
-2.91187e-05
-1.51781e-05
-1.62806e-05
-2.07276e-05
-1.86822e-05
-1.1539e-05
-6.49942e-06
-1.31769e-05
-5.32712e-06
-4.4447e-06
-7.19674e-06
-8.25146e-06
-4.09313e-06
1.73458e-07
3.41444e-06
8.95227e-07
-9.42957e-06
-1.37835e-05
-3.3397e-05
-3.20198e-05
-1.2766e-05
-1.1851e-05
-7.78463e-06
3.42375e-06
1.44901e-05
2.0709e-05
3.32736e-05
3.22945e-05
2.79919e-05
1.09744e-05
1.77881e-06
-1.68335e-06
-2.49674e-05
-4.08964e-05
-4.94529e-05
-5.91595e-05
-7.32643e-05
-8.16147e-05
-9.04761e-05
-9.8674e-05
-9.50256e-05
-9.51618e-05
-0.000102766
-0.000111196
-9.8397e-05
-7.32375e-05
-5.47159e-05
-3.72747e-05
-2.50338e-05
-1.2922e-05
1.04994e-05
4.10861e-05
5.67648e-05
5.68754e-05
5.56519e-05
6.14237e-05
6.71234e-05
5.56403e-05
4.71269e-05
2.68137e-05
-1.49593e-06
2.85914e-06
-1.30012e-05
-3.5915e-05
-4.46135e-05
-6.41653e-05
-7.37346e-05
-7.6482e-05
-8.46601e-05
-9.60093e-05
-0.000105701
-0.000109031
-0.000106325
-0.000102111
-8.74261e-05
-7.05739e-05
-5.50931e-05
-4.04307e-05
-2.85856e-05
-1.65949e-05
-6.45518e-06
8.33527e-07
4.52852e-07
5.65774e-06
8.49127e-06
-1.539e-06
1.25879e-05
3.05227e-05
2.94901e-05
1.83434e-05
8.38766e-06
1.16193e-05
1.93818e-05
1.47742e-05
-1.70664e-06
-7.52619e-06
-1.7929e-05
-3.68126e-05
-4.77916e-05
-7.37695e-05
-8.19907e-05
-7.74796e-05
-9.82864e-05
-0.0001056
-0.000107945
-0.000101957
-8.69127e-05
-9.49348e-05
-7.45693e-05
-4.68603e-05
-4.57369e-05
-3.62352e-05
-2.26799e-05
-1.58673e-05
-1.24726e-05
5.28638e-06
1.86112e-05
3.27555e-05
4.0752e-05
4.31106e-05
5.53946e-05
4.83423e-05
3.41071e-05
1.57625e-05
-1.0298e-05
-2.38917e-05
-4.4291e-05
-5.20768e-05
-5.12026e-05
-4.94878e-05
-5.89639e-05
-7.65169e-05
-7.74121e-05
-7.67194e-05
-6.30373e-05
-5.74342e-05
-6.0752e-05
-5.71758e-05
-4.6596e-05
-3.96147e-05
-4.3461e-05
-5.39045e-05
-5.06857e-05
-4.94191e-05
-4.5085e-05
-2.92899e-05
-1.98044e-05
-1.45693e-05
-1.33877e-05
9.34808e-07
1.34738e-05
-2.28871e-06
-2.40605e-05
-1.71991e-05
-3.08219e-05
-5.4319e-05
-3.57893e-05
-2.50244e-05
-2.72014e-05
-1.00081e-05
-9.72061e-06
-2.13888e-05
-1.5064e-05
-2.00803e-05
-2.47753e-05
-2.33062e-05
-3.09837e-05
-3.55041e-05
-4.87008e-05
-5.29919e-05
-5.7674e-05
-6.72142e-05
-5.27451e-05
-5.70931e-05
-6.49756e-05
-5.23003e-05
-5.94342e-05
-6.85739e-05
-6.29511e-05
-5.75017e-05
-5.17357e-05
-4.30361e-05
-2.73295e-05
1.07101e-06
8.77066e-06
-1.01583e-05
-4.23399e-06
2.62922e-05
3.06461e-05
1.70419e-05
5.95227e-06
4.97905e-06
2.51548e-05
2.07544e-05
-3.56694e-06
-2.62759e-05
-3.85541e-05
-5.19534e-05
-7.26542e-05
-7.99907e-05
-7.85239e-05
-7.50151e-05
-6.81839e-05
-6.66403e-05
-7.01525e-05
-8.35867e-05
-8.41618e-05
-7.70955e-05
-7.122e-05
-4.45774e-05
-4.75541e-05
-5.31839e-05
-3.85087e-05
-2.31991e-05
-1.31665e-06
9.47497e-06
8.97206e-06
2.17974e-05
3.99115e-05
3.71898e-05
2.82095e-05
2.55495e-05
1.60151e-05
-2.27707e-06
-2.5674e-05
-4.36566e-05
-5.08719e-05
-7.36345e-05
-9.0319e-05
-7.07381e-05
-6.67718e-05
-6.50768e-05
-4.81269e-05
-5.25122e-05
-6.03108e-05
-5.77346e-05
-4.61886e-05
-4.1688e-05
-3.55506e-05
-3.21711e-05
-2.36263e-05
7.37136e-06
1.20512e-05
-9.35274e-06
-8.33644e-06
2.8638e-07
-2.50175e-06
-1.03958e-06
-4.78463e-06
-2.00698e-05
-2.63842e-05
-2.83818e-05
-3.84459e-05
-4.76182e-05
-5.39977e-05
-3.42177e-05
-3.78102e-05
-5.91979e-05
-5.67066e-05
-5.86694e-05
-5.3844e-05
-3.90477e-05
-3.04249e-05
-3.2461e-05
-2.39173e-05
-1.76275e-05
-1.46601e-05
-1.32072e-05
-2.45681e-05
-2.74808e-05
-2.30396e-05
-3.17753e-05
-4.41281e-05
-3.15809e-05
-3.26135e-05
-4.48999e-05
-4.41874e-05
-5.27357e-05
-6.17194e-05
-6.05949e-05
-6.78021e-05
-7.9468e-05
-7.08545e-05
-5.2901e-05
-4.59767e-05
-4.77683e-05
-3.71653e-05
-2.87439e-05
-2.82643e-05
-8.83469e-06
5.79162e-06
2.19325e-06
-3.16182e-06
-4.03376e-06
3.23399e-06
9.41793e-07
-5.58324e-06
2.15716e-06
-2.9546e-06
-2.6475e-05
-3.85204e-05
-5.53155e-05
-6.34878e-05
-5.52712e-05
-5.8014e-05
-6.05553e-05
-7.59313e-05
-8.08277e-05
-5.85204e-05
-4.11199e-05
-3.21339e-05
-3.00314e-05
-2.45483e-05
-7.86263e-06
1.53318e-06
-1.17322e-05
-1.30698e-05
-9.9092e-06
-1.83935e-05
-2.02747e-05
-2.28987e-05
-2.5752e-05
-2.88335e-05
-4.1766e-05
-4.9057e-05
-4.74563e-05
-5.71944e-05
-5.76449e-05
-4.80407e-05
-5.13341e-05
-4.67008e-05
-4.34994e-05
-4.59546e-05
-3.70675e-05
-3.11502e-05
-3.51257e-05
-3.55355e-05
-3.0752e-05
-3.02119e-05
-2.16473e-05
-1.67776e-05
-9.30151e-06
1.27648e-05
2.63807e-05
3.78487e-05
4.44098e-05
5.08487e-05
4.50827e-05
2.94156e-05
1.77334e-05
-9.69034e-06
-3.5234e-05
-4.25285e-05
-4.43725e-05
-7.01432e-05
-0.000100475
-0.000112608
-0.000121806
-0.000129666
-0.00013354
-0.000133582
-0.000130037
-0.000123709
-0.000107007
-6.5546e-05
-4.01665e-05
-2.95995e-05
3.89872e-06
4.28976e-05
7.22282e-05
9.59185e-05
0.000117157
0.000119749
9.3064e-05
6.62375e-05
4.97229e-05
3.01839e-05
-5.89523e-06
-3.33376e-05
-4.3539e-05
-6.75646e-05
-9.71595e-05
-0.000125546
-0.000135122
-0.000128651
-0.000132717
-0.000145917
-0.000142831
-0.000134948
-0.000129892
-9.69278e-05
-7.37031e-05
-5.83481e-05
-2.04913e-05
-4.70314e-07
1.56822e-05
4.16286e-05
5.92503e-05
6.99441e-05
7.37614e-05
8.35134e-05
7.84144e-05
8.06135e-05
7.13376e-05
4.55786e-05
2.87451e-05
9.44936e-06
-3.93481e-06
-2.40477e-05
-4.65856e-05
-7.50058e-05
-9.65483e-05
-0.000126265
-0.000160836
-0.00015558
-0.000141456
-0.000147552
-0.000138148
-0.000120404
-0.000114226
-0.000102163
-7.9617e-05
-7.53702e-05
-5.85634e-05
-3.38999e-05
-3.22142e-05
-9.47614e-06
1.95739e-05
5.6468e-05
8.03097e-05
8.86158e-05
9.62456e-05
9.92468e-05
0.000107499
8.44692e-05
4.82503e-05
3.21886e-05
3.27043e-05
7.1362e-06
-1.85052e-05
-3.50582e-05
-6.29977e-05
-8.13679e-05
-0.00010278
-0.000129617
-0.000152428
-0.00015966
-0.00014899
-0.000132296
-0.00012649
-0.000123894
-0.000113515
-9.33027e-05
-6.66019e-05
-5.13248e-05
-3.58661e-05
-2.00116e-06
1.86345e-05
4.07159e-05
5.85495e-05
4.92549e-05
4.60838e-05
4.69942e-05
6.12072e-05
8.49558e-05
7.52002e-05
3.71665e-05
8.73225e-06
-2.03807e-05
-5.48079e-05
-5.58475e-05
-6.67776e-05
-8.60698e-05
-8.86496e-05
-0.00010654
-0.000112707
-0.000120516
-0.000133139
-0.000108155
-8.24878e-05
-7.84924e-05
-6.59767e-05
-5.29453e-05
-3.63714e-05
-1.68056e-05
8.1979e-06
4.14761e-05
6.73038e-05
7.23166e-05
7.84715e-05
7.69523e-05
7.32468e-05
6.48964e-05
5.84622e-05
2.64633e-05
-1.24552e-05
-2.32631e-05
-4.1638e-05
-4.81839e-05
-4.64168e-05
-6.12049e-05
-6.80582e-05
-5.76554e-05
-6.31746e-05
-8.07462e-05
-5.91246e-05
-3.19336e-05
-2.93132e-05
-1.6773e-05
1.23283e-06
1.0993e-05
2.70512e-05
3.08941e-05
4.92549e-06
-6.57625e-06
4.08382e-06
1.9468e-05
2.2915e-05
1.36927e-05
1.07765e-05
7.22119e-06
-6.03842e-06
-1.20896e-05
-2.17125e-05
-2.21292e-05
-2.23038e-05
-3.19173e-05
-4.50768e-05
-6.00198e-05
-6.60629e-05
-7.60384e-05
-7.70745e-05
-7.956e-05
-7.82934e-05
-5.33655e-05
-3.57241e-05
-1.48673e-05
3.35041e-06
1.36985e-05
2.91653e-05
3.30617e-05
3.80012e-05
3.07078e-05
1.30827e-05
1.55332e-05
9.97555e-06
-1.12549e-05
-1.33853e-05
-1.67614e-05
-2.61711e-05
-3.6865e-05
-3.73248e-05
-4.50035e-05
-5.96484e-05
-4.43667e-05
-3.58161e-05
-3.9376e-05
-4.20908e-05
-4.26973e-05
-4.82491e-05
-3.84831e-05
-1.84983e-05
-1.03027e-05
-2.51222e-06
-2.90803e-06
-3.18626e-06
5.52969e-07
-8.34692e-06
-2.41548e-05
-4.03993e-05
-4.84657e-05
-5.38487e-05
-5.15576e-05
-3.05262e-05
-2.09383e-05
-3.17579e-05
-2.81327e-05
-2.30431e-05
-7.32829e-06
9.82771e-06
1.99383e-05
9.60536e-06
-2.77998e-06
-1.02072e-05
-1.84587e-05
-1.46857e-05
-4.0787e-05
-5.90524e-05
-5.42701e-05
-5.75192e-05
-6.51758e-05
-6.19534e-05
-6.35949e-05
-6.1135e-05
-5.97253e-05
-5.01118e-05
-3.18149e-05
-3.45448e-05
-2.20803e-05
-1.25763e-05
-2.52782e-05
-8.51222e-06
-3.76135e-06
-2.20815e-05
-2.31211e-05
-3.15017e-05
-4.50664e-05
-3.55751e-05
-3.0312e-05
-3.38044e-05
-4.64668e-05
-4.91898e-05
-3.03783e-05
-1.88324e-05
-1.30873e-05
-1.28626e-05
-3.21921e-05
-4.65576e-05
-3.97439e-05
-5.00303e-05
-5.55169e-05
-4.39022e-05
-3.91315e-05
-4.82456e-05
-4.83248e-05
-2.30861e-05
-1.36927e-05
-1.07066e-05
3.83353e-06
-9.86147e-06
-1.26473e-05
1.37811e-05
1.85739e-05
-1.22119e-06
-1.01059e-05
-1.39441e-05
-2.3461e-05
-4.13632e-05
-5.41036e-05
-6.88219e-05
-8.05483e-05
-7.14971e-05
-7.93993e-05
-6.80815e-05
-4.46193e-05
-3.52608e-05
-1.94459e-05
-2.05611e-05
-1.66088e-05
-5.11525e-06
-1.32526e-05
-2.95693e-05
-3.75448e-05
-5.04307e-05
-5.9078e-05
-5.89057e-05
-5.67381e-05
-3.57811e-05
-3.26217e-05
-3.44051e-05
-2.79173e-05
-3.28487e-05
-1.75588e-05
-7.25378e-06
-4.1688e-06
-9.35972e-07
-1.21595e-05
-2.31153e-05
-1.91537e-05
-1.92084e-06
-2.74389e-06
-4.05821e-06
-2.65658e-06
-1.72992e-05
-3.5305e-05
-4.96217e-05
-7.08382e-05
-9.26473e-05
-8.73609e-05
-8.37939e-05
-0.000101515
-9.47031e-05
-6.84284e-05
-6.76601e-05
-6.32794e-05
-4.46356e-05
-4.14459e-05
-2.68836e-05
-1.53108e-05
-1.23504e-05
5.79744e-06
8.62282e-06
5.34808e-06
1.53492e-05
1.63795e-05
8.92317e-06
1.11909e-05
1.36659e-05
7.82887e-06
-2.75553e-06
-4.48661e-06
2.06054e-06
-1.30384e-06
-2.0454e-05
-3.66414e-05
-3.6553e-05
-3.34354e-05
-4.68522e-05
-7.29593e-05
-9.30792e-05
-8.41769e-05
-7.9326e-05
-9.90419e-05
-9.53388e-05
-8.48359e-05
-7.50827e-05
-6.19895e-05
-4.69686e-05
-2.38999e-05
-2.81129e-05
-2.74075e-05
-1.36787e-05
-1.45332e-05
-6.28405e-06
7.28522e-06
9.31083e-06
-2.45518e-06
2.22352e-06
2.38778e-05
2.71979e-05
2.51444e-05
2.87788e-05
2.70512e-05
2.14447e-05
1.89034e-05
2.03842e-05
-5.54133e-07
-2.93353e-05
-5.02165e-05
-7.32282e-05
-8.46915e-05
-0.000100043
-0.00012424
-0.000125177
-0.000130694
-0.000126946
-0.000108083
-9.48522e-05
-8.42363e-05
-6.75204e-05
-4.50559e-05
-1.94948e-05
-2.17229e-06
8.22235e-06
2.79371e-05
4.64738e-05
6.06473e-05
5.29104e-05
5.07776e-05
5.04168e-05
3.02095e-05
2.24016e-05
1.70524e-05
-1.55099e-05
-3.05297e-05
-3.77695e-05
-5.82829e-05
-8.16449e-05
-9.56414e-05
-0.000100894
-8.96764e-05
-8.34319e-05
-0.000100299
-0.000114159
-0.00010515
-7.85041e-05
-6.41909e-05
-4.48161e-05
-2.26834e-05
-1.73399e-05
-5.48778e-06
-3.04307e-06
1.52643e-05
3.78719e-05
1.73714e-05
3.13388e-06
3.88242e-06
1.24331e-06
-9.23166e-07
-1.25262e-06
-1.722e-05
-2.08254e-05
-1.61641e-05
-3.79267e-05
-6.45006e-05
-6.73225e-05
-6.48673e-05
-5.06962e-05
-2.71665e-05
-2.5007e-05
-1.93458e-05
-2.80838e-05
-2.76799e-05
-2.183e-05
-3.69744e-05
-1.93038e-05
-1.55332e-05
-2.60198e-05
-1.92689e-05
-2.06554e-05
-2.21956e-05
-2.49965e-05
-2.68533e-05
-3.87811e-05
-6.30838e-05
-5.4929e-05
-4.23143e-05
4.24307e-05
2.222e-05
-1.17579e-07
-9.57742e-06
-2.43295e-05
-3.81001e-05
-4.34133e-05
-5.63015e-05
-4.74203e-05
-3.58393e-05
-4.85553e-05
-5.17683e-05
-5.00466e-05
-6.28312e-05
-8.64517e-05
-9.98044e-05
-9.20582e-05
-9.06368e-05
-0.000101169
-9.60885e-05
-7.18265e-05
-5.25634e-05
-3.75728e-05
-2.5071e-05
-2.33772e-05
-3.01898e-05
-2.18906e-05
-7.03143e-07
3.8149e-06
9.79278e-06
1.53097e-05
2.08696e-05
4.44924e-05
5.62608e-05
4.51304e-05
2.13842e-05
-5.54249e-06
-2.05495e-05
-3.77357e-05
-5.75483e-05
-5.35413e-05
-6.4468e-05
-8.29872e-05
-7.20687e-05
-7.22468e-05
-8.35716e-05
-8.63667e-05
-9.25041e-05
-8.86019e-05
-7.89173e-05
-6.27346e-05
-4.84389e-05
-5.31234e-05
-5.54063e-05
-3.65355e-05
-1.20547e-05
3.09779e-06
1.36123e-05
6.9546e-06
1.33423e-05
1.76438e-05
3.56577e-06
1.91513e-05
2.87322e-05
1.47136e-05
-2.54948e-07
-1.18382e-05
-2.50966e-05
-4.48428e-05
-5.90768e-05
-6.37485e-05
-7.14296e-05
-8.11083e-05
-6.71676e-05
-6.00931e-05
-7.6759e-05
-8.45576e-05
-8.17974e-05
-6.65437e-05
-4.44831e-05
-4.41537e-05
-5.44377e-05
-2.74645e-05
3.2922e-06
1.34761e-05
2.49802e-05
2.56962e-05
1.85448e-05
4.21304e-06
5.89523e-06
5.01397e-06
-1.67753e-05
-1.56123e-05
-6.078e-06
-1.46729e-05
-2.35332e-05
-2.18219e-05
-3.31607e-05
-4.76042e-05
-5.89965e-05
-6.93702e-05
-7.28079e-05
-7.38673e-05
-7.26158e-05
-9.01921e-05
-9.69069e-05
-8.84412e-05
-9.63842e-05
-8.68696e-05
-5.6631e-05
-4.44203e-05
-3.21397e-05
-1.64156e-05
-1.21129e-05
-2.52503e-06
8.28987e-06
9.68917e-06
1.31327e-05
1.52829e-05
1.22526e-05
1.07451e-05
1.22515e-05
9.46333e-06
3.79162e-06
1.49942e-05
1.26391e-05
5.55763e-06
4.57392e-06
-6.16182e-06
-2.19849e-05
-3.48172e-05
-3.96612e-05
-4.70605e-05
-5.90687e-05
-8.9397e-05
-0.000110342
-0.000107386
-0.000108823
-0.000111149
-0.000112511
-0.000107964
-9.4773e-05
-7.10058e-05
-6.00803e-05
-6.28475e-05
-4.24179e-05
-2.69476e-05
-7.59837e-06
2.02841e-05
2.95786e-05
2.32119e-05
1.73469e-05
2.92526e-05
3.87125e-05
2.88231e-05
1.62491e-05
9.22701e-06
-1.9057e-06
-2.18859e-05
-3.9298e-05
-4.10128e-05
-5.19534e-05
-7.00058e-05
-7.88009e-05
-6.88137e-05
-4.36077e-05
-3.15064e-05
-3.20116e-05
-3.89884e-05
-5.46845e-05
-6.86403e-05
-6.49383e-05
-6.81385e-05
-6.5213e-05
-4.87008e-05
-4.21001e-05
-5.21385e-05
-5.7071e-05
-4.61583e-05
-4.87998e-05
-4.80023e-05
-3.44633e-05
-2.46112e-05
-2.00594e-05
-1.32049e-05
-6.40047e-06
-9.5227e-07
5.97439e-06
1.93166e-05
3.31153e-05
3.73236e-05
3.19476e-05
2.11688e-05
1.94657e-05
1.38952e-05
-7.35739e-06
-1.36251e-05
-2.43818e-05
-3.58359e-05
-4.75134e-05
-4.85332e-05
-3.25669e-05
-2.82282e-05
-2.33329e-05
-1.99243e-05
-2.3298e-05
-2.64738e-05
-2.91187e-05
-1.51781e-05
-1.62806e-05
-2.07276e-05
-1.86822e-05
-1.1539e-05
-6.49942e-06
-1.31769e-05
-5.32712e-06
-4.4447e-06
-7.19674e-06
-8.25146e-06
-4.09313e-06
1.73458e-07
3.41444e-06
8.95227e-07
-9.42957e-06
-1.37835e-05
-3.3397e-05
-3.20198e-05
-1.2766e-05
-1.1851e-05
-7.78463e-06
3.42375e-06
1.44901e-05
2.0709e-05
3.32736e-05
3.22945e-05
2.79919e-05
1.09744e-05
1.77881e-06
-1.68335e-06
-2.49674e-05
-4.08964e-05
-4.94529e-05
-5.91595e-05
-7.32643e-05
-8.16147e-05
-9.04761e-05
-9.8674e-05
-9.50256e-05
-9.51618e-05
-0.000102766
-0.000111196
-9.8397e-05
-7.32375e-05
-5.47159e-05
-3.72747e-05
-2.50338e-05
-1.2922e-05
1.04994e-05
4.10861e-05
5.67648e-05
5.68754e-05
5.56519e-05
6.14237e-05
6.71234e-05
5.56403e-05
4.71269e-05
2.68137e-05
-1.49593e-06
2.85914e-06
-1.30012e-05
-3.5915e-05
-4.46135e-05
-6.41653e-05
-7.37346e-05
-7.6482e-05
-8.46601e-05
-9.60093e-05
-0.000105701
-0.000109031
-0.000106325
-0.000102111
-8.74261e-05
-7.05739e-05
-5.50931e-05
-4.04307e-05
-2.85856e-05
-1.65949e-05
-6.45518e-06
8.33527e-07
4.52852e-07
5.65774e-06
8.49127e-06
-1.539e-06
1.25879e-05
3.05227e-05
2.94901e-05
1.83434e-05
8.38766e-06
1.16193e-05
1.93818e-05
1.47742e-05
-1.70664e-06
-7.52619e-06
-1.7929e-05
-3.68126e-05
-4.77916e-05
-7.37695e-05
-8.19907e-05
-7.74796e-05
-9.82864e-05
-0.0001056
-0.000107945
-0.000101957
-8.69127e-05
-9.49348e-05
-7.45693e-05
-4.68603e-05
-4.57369e-05
-3.62352e-05
-2.26799e-05
-1.58673e-05
-1.24726e-05
5.28638e-06
1.86112e-05
3.27555e-05
4.0752e-05
4.31106e-05
5.53946e-05
4.83423e-05
3.41071e-05
1.57625e-05
-1.0298e-05
-2.38917e-05
-4.4291e-05
-5.20768e-05
-5.12026e-05
-4.94878e-05
-5.89639e-05
-7.65169e-05
-7.74121e-05
-7.67194e-05
-6.30373e-05
-5.74342e-05
-6.0752e-05
-5.71758e-05
-4.6596e-05
-3.96147e-05
-4.3461e-05
-5.39045e-05
-5.06857e-05
-4.94191e-05
-4.5085e-05
-2.92899e-05
-1.98044e-05
-1.45693e-05
-1.33877e-05
9.34808e-07
1.34738e-05
-2.28871e-06
-2.40605e-05
-1.71991e-05
-3.08219e-05
-5.4319e-05
-3.57893e-05
-2.50244e-05
-2.72014e-05
-1.00081e-05
-9.72061e-06
-2.13888e-05
-1.5064e-05
-2.00803e-05
-2.47753e-05
-2.33062e-05
-3.09837e-05
-3.55041e-05
-4.87008e-05
-5.29919e-05
-5.7674e-05
-6.72142e-05
-5.27451e-05
-5.70931e-05
-6.49756e-05
-5.23003e-05
-5.94342e-05
-6.85739e-05
-6.29511e-05
-5.75017e-05
-5.17357e-05
-4.30361e-05
-2.73295e-05
1.07101e-06
8.77066e-06
-1.01583e-05
-4.23399e-06
2.62922e-05
3.06461e-05
1.70419e-05
5.95227e-06
4.97905e-06
2.51548e-05
2.07544e-05
-3.56694e-06
-2.62759e-05
-3.85541e-05
-5.19534e-05
-7.26542e-05
-7.99907e-05
-7.85239e-05
-7.50151e-05
-6.81839e-05
-6.66403e-05
-7.01525e-05
-8.35867e-05
-8.41618e-05
-7.70955e-05
-7.122e-05
-4.45774e-05
-4.75541e-05
-5.31839e-05
-3.85087e-05
-2.31991e-05
-1.31665e-06
9.47497e-06
8.97206e-06
2.17974e-05
3.99115e-05
3.71898e-05
2.82095e-05
2.55495e-05
1.60151e-05
-2.27707e-06
-2.5674e-05
-4.36566e-05
-5.08719e-05
-7.36345e-05
-9.0319e-05
-7.07381e-05
-6.67718e-05
-6.50768e-05
-4.81269e-05
-5.25122e-05
-6.03108e-05
-5.77346e-05
-4.61886e-05
-4.1688e-05
-3.55506e-05
-3.21711e-05
-2.36263e-05
7.37136e-06
1.20512e-05
-9.35274e-06
-8.33644e-06
2.8638e-07
-2.50175e-06
-1.03958e-06
-4.78463e-06
-2.00698e-05
-2.63842e-05
-2.83818e-05
-3.84459e-05
-4.76182e-05
-5.39977e-05
-3.42177e-05
-3.78102e-05
-5.91979e-05
-5.67066e-05
-5.86694e-05
-5.3844e-05
-3.90477e-05
-3.04249e-05
-3.2461e-05
-2.39173e-05
-1.76275e-05
-1.46601e-05
-1.32072e-05
-2.45681e-05
-2.74808e-05
-2.30396e-05
-3.17753e-05
-4.41281e-05
-3.15809e-05
-3.26135e-05
-4.48999e-05
-4.41874e-05
-5.27357e-05
-6.17194e-05
-6.05949e-05
-6.78021e-05
-7.9468e-05
-7.08545e-05
-5.2901e-05
-4.59767e-05
-4.77683e-05
-3.71653e-05
-2.87439e-05
-2.82643e-05
-8.83469e-06
5.79162e-06
2.19325e-06
-3.16182e-06
-4.03376e-06
3.23399e-06
9.41793e-07
-5.58324e-06
2.15716e-06
-2.9546e-06
-2.6475e-05
-3.85204e-05
-5.53155e-05
-6.34878e-05
-5.52712e-05
-5.8014e-05
-6.05553e-05
-7.59313e-05
-8.08277e-05
-5.85204e-05
-4.11199e-05
-3.21339e-05
-3.00314e-05
-2.45483e-05
-7.86263e-06
1.53318e-06
-1.17322e-05
-1.30698e-05
-9.9092e-06
-1.83935e-05
-2.02747e-05
-2.28987e-05
-2.5752e-05
-2.88335e-05
-4.1766e-05
-4.9057e-05
-4.74563e-05
-5.71944e-05
-5.76449e-05
-4.80407e-05
-5.13341e-05
-4.67008e-05
-4.34994e-05
-4.59546e-05
-3.70675e-05
-3.11502e-05
-3.51257e-05
-3.55355e-05
-3.0752e-05
-3.02119e-05
-2.16473e-05
-1.67776e-05
-9.30151e-06
1.27648e-05
2.63807e-05
3.78487e-05
4.44098e-05
5.08487e-05
4.50827e-05
2.94156e-05
1.77334e-05
-9.69034e-06
-3.5234e-05
-4.25285e-05
-4.43725e-05
-7.01432e-05
-0.000100475
-0.000112608
-0.000121806
-0.000129666
-0.00013354
-0.000133582
-0.000130037
-0.000123709
-0.000107007
-6.5546e-05
-4.01665e-05
-2.95995e-05
3.89872e-06
4.28976e-05
7.22282e-05
9.59185e-05
0.000117157
0.000119749
9.3064e-05
6.62375e-05
4.97229e-05
3.01839e-05
-5.89523e-06
-3.33376e-05
-4.3539e-05
-6.75646e-05
-9.71595e-05
-0.000125546
-0.000135122
-0.000128651
-0.000132717
-0.000145917
-0.000142831
-0.000134948
-0.000129892
-9.69278e-05
-7.37031e-05
-5.83481e-05
-2.04913e-05
-4.70314e-07
1.56822e-05
4.16286e-05
5.92503e-05
6.99441e-05
7.37614e-05
8.35134e-05
7.84144e-05
8.06135e-05
7.13376e-05
4.55786e-05
2.87451e-05
9.44936e-06
-3.93481e-06
-2.40477e-05
-4.65856e-05
-7.50058e-05
-9.65483e-05
-0.000126265
-0.000160836
-0.00015558
-0.000141456
-0.000147552
-0.000138148
-0.000120404
-0.000114226
-0.000102163
-7.9617e-05
-7.53702e-05
-5.85634e-05
-3.38999e-05
-3.22142e-05
-9.47614e-06
1.95739e-05
5.6468e-05
8.03097e-05
8.86158e-05
9.62456e-05
9.92468e-05
0.000107499
8.44692e-05
4.82503e-05
3.21886e-05
3.27043e-05
7.1362e-06
-1.85052e-05
-3.50582e-05
-6.29977e-05
-8.13679e-05
-0.00010278
-0.000129617
-0.000152428
-0.00015966
-0.00014899
-0.000132296
-0.00012649
-0.000123894
-0.000113515
-9.33027e-05
-6.66019e-05
-5.13248e-05
-3.58661e-05
-2.00116e-06
1.86345e-05
4.07159e-05
5.85495e-05
4.92549e-05
4.60838e-05
4.69942e-05
6.12072e-05
8.49558e-05
7.52002e-05
3.71665e-05
8.73225e-06
-2.03807e-05
-5.48079e-05
-5.58475e-05
-6.67776e-05
-8.60698e-05
-8.86496e-05
-0.00010654
-0.000112707
-0.000120516
-0.000133139
-0.000108155
-8.24878e-05
-7.84924e-05
-6.59767e-05
-5.29453e-05
-3.63714e-05
-1.68056e-05
8.1979e-06
4.14761e-05
6.73038e-05
7.23166e-05
7.84715e-05
7.69523e-05
7.32468e-05
6.48964e-05
5.84622e-05
2.64633e-05
-1.24552e-05
-2.32631e-05
-4.1638e-05
-4.81839e-05
-4.64168e-05
-6.12049e-05
-6.80582e-05
-5.76554e-05
-6.31746e-05
-8.07462e-05
-5.91246e-05
-3.19336e-05
-2.93132e-05
-1.6773e-05
1.23283e-06
1.0993e-05
2.70512e-05
3.08941e-05
4.92549e-06
-6.57625e-06
4.08382e-06
1.9468e-05
2.2915e-05
1.36927e-05
1.07765e-05
7.22119e-06
-6.03842e-06
-1.20896e-05
-2.17125e-05
-2.21292e-05
-2.23038e-05
-3.19173e-05
-4.50768e-05
-6.00198e-05
-6.60629e-05
-7.60384e-05
-7.70745e-05
-7.956e-05
-7.82934e-05
-5.33655e-05
-3.57241e-05
-1.48673e-05
3.35041e-06
1.36985e-05
2.91653e-05
3.30617e-05
3.80012e-05
3.07078e-05
1.30827e-05
1.55332e-05
9.97555e-06
-1.12549e-05
-1.33853e-05
-1.67614e-05
-2.61711e-05
-3.6865e-05
-3.73248e-05
-4.50035e-05
-5.96484e-05
-4.43667e-05
-3.58161e-05
-3.9376e-05
-4.20908e-05
-4.26973e-05
-4.82491e-05
-3.84831e-05
-1.84983e-05
-1.03027e-05
-2.51222e-06
-2.90803e-06
-3.18626e-06
5.52969e-07
-8.34692e-06
-2.41548e-05
-4.03993e-05
-4.84657e-05
-5.38487e-05
-5.15576e-05
-3.05262e-05
-2.09383e-05
-3.17579e-05
-2.81327e-05
-2.30431e-05
-7.32829e-06
9.82771e-06
1.99383e-05
9.60536e-06
-2.77998e-06
-1.02072e-05
-1.84587e-05
-1.46857e-05
-4.0787e-05
-5.90524e-05
-5.42701e-05
-5.75192e-05
-6.51758e-05
-6.19534e-05
-6.35949e-05
-6.1135e-05
-5.97253e-05
-5.01118e-05
-3.18149e-05
-3.45448e-05
-2.20803e-05
-1.25763e-05
-2.52782e-05
-8.51222e-06
-3.76135e-06
-2.20815e-05
-2.31211e-05
-3.15017e-05
-4.50664e-05
-3.55751e-05
-3.0312e-05
-3.38044e-05
-4.64668e-05
-4.91898e-05
-3.03783e-05
-1.88324e-05
-1.30873e-05
-1.28626e-05
-3.21921e-05
-4.65576e-05
-3.97439e-05
-5.00303e-05
-5.55169e-05
-4.39022e-05
-3.91315e-05
-4.82456e-05
-4.83248e-05
-2.30861e-05
-1.36927e-05
-1.07066e-05
3.83353e-06
-9.86147e-06
-1.26473e-05
1.37811e-05
1.85739e-05
-1.22119e-06
-1.01059e-05
-1.39441e-05
-2.3461e-05
-4.13632e-05
-5.41036e-05
-6.88219e-05
-8.05483e-05
-7.14971e-05
-7.93993e-05
-6.80815e-05
-4.46193e-05
-3.52608e-05
-1.94459e-05
-2.05611e-05
-1.66088e-05
-5.11525e-06
-1.32526e-05
-2.95693e-05
-3.75448e-05
-5.04307e-05
-5.9078e-05
-5.89057e-05
-5.67381e-05
-3.57811e-05
-3.26217e-05
-3.44051e-05
-2.79173e-05
-3.28487e-05
-1.75588e-05
-7.25378e-06
-4.1688e-06
-9.35972e-07
-1.21595e-05
-2.31153e-05
-1.91537e-05
-1.92084e-06
-2.74389e-06
-4.05821e-06
-2.65658e-06
-1.72992e-05
-3.5305e-05
-4.96217e-05
-7.08382e-05
-9.26473e-05
-8.73609e-05
-8.37939e-05
-0.000101515
-9.47031e-05
-6.84284e-05
-6.76601e-05
-6.32794e-05
-4.46356e-05
-4.14459e-05
-2.68836e-05
-1.53108e-05
-1.23504e-05
5.79744e-06
8.62282e-06
5.34808e-06
1.53492e-05
1.63795e-05
8.92317e-06
1.11909e-05
1.36659e-05
7.82887e-06
-2.75553e-06
-4.48661e-06
2.06054e-06
-1.30384e-06
-2.0454e-05
-3.66414e-05
-3.6553e-05
-3.34354e-05
-4.68522e-05
-7.29593e-05
-9.30792e-05
-8.41769e-05
-7.9326e-05
-9.90419e-05
-9.53388e-05
-8.48359e-05
-7.50827e-05
-6.19895e-05
-4.69686e-05
-2.38999e-05
-2.81129e-05
-2.74075e-05
-1.36787e-05
-1.45332e-05
-6.28405e-06
7.28522e-06
9.31083e-06
-2.45518e-06
2.22352e-06
2.38778e-05
2.71979e-05
2.51444e-05
2.87788e-05
2.70512e-05
2.14447e-05
1.89034e-05
2.03842e-05
-5.54133e-07
-2.93353e-05
-5.02165e-05
-7.32282e-05
-8.46915e-05
-0.000100043
-0.00012424
-0.000125177
-0.000130694
-0.000126946
-0.000108083
-9.48522e-05
-8.42363e-05
-6.75204e-05
-4.50559e-05
-1.94948e-05
-2.17229e-06
8.22235e-06
2.79371e-05
4.64738e-05
6.06473e-05
5.29104e-05
5.07776e-05
5.04168e-05
3.02095e-05
2.24016e-05
1.70524e-05
-1.55099e-05
-3.05297e-05
-3.77695e-05
-5.82829e-05
-8.16449e-05
-9.56414e-05
-0.000100894
-8.96764e-05
-8.34319e-05
-0.000100299
-0.000114159
-0.00010515
-7.85041e-05
-6.41909e-05
-4.48161e-05
-2.26834e-05
-1.73399e-05
-5.48778e-06
-3.04307e-06
1.52643e-05
3.78719e-05
1.73714e-05
3.13388e-06
3.88242e-06
1.24331e-06
-9.23166e-07
-1.25262e-06
-1.722e-05
-2.08254e-05
-1.61641e-05
-3.79267e-05
-6.45006e-05
-6.73225e-05
-6.48673e-05
-5.06962e-05
-2.71665e-05
-2.5007e-05
-1.93458e-05
-2.80838e-05
-2.76799e-05
-2.183e-05
-3.69744e-05
-1.93038e-05
-1.55332e-05
-2.60198e-05
-1.92689e-05
-2.06554e-05
-2.21956e-05
-2.49965e-05
-2.68533e-05
-3.87811e-05
-6.30838e-05
-5.4929e-05
-4.23143e-05
4.24307e-05
2.222e-05
-1.17579e-07
-9.57742e-06
-2.43295e-05
-3.81001e-05
-4.34133e-05
-5.63015e-05
-4.74203e-05
-3.58393e-05
-4.85553e-05
-5.17683e-05
-5.00466e-05
-6.28312e-05
-8.64517e-05
-9.98044e-05
-9.20582e-05
-9.06368e-05
-0.000101169
-9.60885e-05
-7.18265e-05
-5.25634e-05
-3.75728e-05
-2.5071e-05
-2.33772e-05
-3.01898e-05
-2.18906e-05
-7.03143e-07
3.8149e-06
9.79278e-06
1.53097e-05
2.08696e-05
4.44924e-05
5.62608e-05
4.51304e-05
2.13842e-05
-5.54249e-06
-2.05495e-05
-3.77357e-05
-5.75483e-05
-5.35413e-05
-6.4468e-05
-8.29872e-05
-7.20687e-05
-7.22468e-05
-8.35716e-05
-8.63667e-05
-9.25041e-05
-8.86019e-05
-7.89173e-05
-6.27346e-05
-4.84389e-05
-5.31234e-05
-5.54063e-05
-3.65355e-05
-1.20547e-05
3.09779e-06
1.36123e-05
6.9546e-06
1.33423e-05
1.76438e-05
3.56577e-06
1.91513e-05
2.87322e-05
1.47136e-05
-2.54948e-07
-1.18382e-05
-2.50966e-05
-4.48428e-05
-5.90768e-05
-6.37485e-05
-7.14296e-05
-8.11083e-05
-6.71676e-05
-6.00931e-05
-7.6759e-05
-8.45576e-05
-8.17974e-05
-6.65437e-05
-4.44831e-05
-4.41537e-05
-5.44377e-05
-2.74645e-05
3.2922e-06
1.34761e-05
2.49802e-05
2.56962e-05
1.85448e-05
4.21304e-06
5.89523e-06
5.01397e-06
-1.67753e-05
-1.56123e-05
-6.078e-06
-1.46729e-05
-2.35332e-05
-2.18219e-05
-3.31607e-05
-4.76042e-05
-5.89965e-05
-6.93702e-05
-7.28079e-05
-7.38673e-05
-7.26158e-05
-9.01921e-05
-9.69069e-05
-8.84412e-05
-9.63842e-05
-8.68696e-05
-5.6631e-05
-4.44203e-05
-3.21397e-05
-1.64156e-05
-1.21129e-05
-2.52503e-06
8.28987e-06
9.68917e-06
1.31327e-05
1.52829e-05
1.22526e-05
1.07451e-05
1.22515e-05
9.46333e-06
3.79162e-06
1.49942e-05
1.26391e-05
5.55763e-06
4.57392e-06
-6.16182e-06
-2.19849e-05
-3.48172e-05
-3.96612e-05
-4.70605e-05
-5.90687e-05
-8.9397e-05
-0.000110342
-0.000107386
-0.000108823
-0.000111149
-0.000112511
-0.000107964
-9.4773e-05
-7.10058e-05
-6.00803e-05
-6.28475e-05
-4.24179e-05
-2.69476e-05
-7.59837e-06
2.02841e-05
2.95786e-05
2.32119e-05
1.73469e-05
2.92526e-05
3.87125e-05
2.88231e-05
1.62491e-05
9.22701e-06
-1.9057e-06
-2.18859e-05
-3.9298e-05
-4.10128e-05
-5.19534e-05
-7.00058e-05
-7.88009e-05
-6.88137e-05
-4.36077e-05
-3.15064e-05
-3.20116e-05
-3.89884e-05
-5.46845e-05
-6.86403e-05
-6.49383e-05
-6.81385e-05
-6.5213e-05
-4.87008e-05
-4.21001e-05
-5.21385e-05
-5.7071e-05
-4.61583e-05
-4.87998e-05
-4.80023e-05
-3.44633e-05
-2.46112e-05
-2.00594e-05
-1.32049e-05
-6.40047e-06
-9.5227e-07
5.97439e-06
1.93166e-05
3.31153e-05
3.73236e-05
3.19476e-05
2.11688e-05
1.94657e-05
1.38952e-05
-7.35739e-06
-1.36251e-05
-2.43818e-05
-3.58359e-05
-4.75134e-05
-4.85332e-05
-3.25669e-05
-2.82282e-05
-2.33329e-05
-1.99243e-05
-2.3298e-05
-2.64738e-05
-2.91187e-05
-1.51781e-05
-1.62806e-05
-2.07276e-05
-1.86822e-05
-1.1539e-05
-6.49942e-06
-1.31769e-05
-5.32712e-06
-4.4447e-06
-7.19674e-06
-8.25146e-06
-4.09313e-06
1.73458e-07
3.41444e-06
8.95227e-07
-9.42957e-06
-1.37835e-05
-3.3397e-05
-3.20198e-05
-1.2766e-05
-1.1851e-05
-7.78463e-06
3.42375e-06
1.44901e-05
2.0709e-05
3.32736e-05
3.22945e-05
2.79919e-05
1.09744e-05
1.77881e-06
-1.68335e-06
-2.49674e-05
-4.08964e-05
-4.94529e-05
-5.91595e-05
-7.32643e-05
-8.16147e-05
-9.04761e-05
-9.8674e-05
-9.50256e-05
-9.51618e-05
-0.000102766
-0.000111196
-9.8397e-05
-7.32375e-05
-5.47159e-05
-3.72747e-05
-2.50338e-05
-1.2922e-05
1.04994e-05
4.10861e-05
5.67648e-05
5.68754e-05
5.56519e-05
6.14237e-05
6.71234e-05
5.56403e-05
4.71269e-05
2.68137e-05
-1.49593e-06
2.85914e-06
-1.30012e-05
-3.5915e-05
-4.46135e-05
-6.41653e-05
-7.37346e-05
-7.6482e-05
-8.46601e-05
-9.60093e-05
-0.000105701
-0.000109031
-0.000106325
-0.000102111
-8.74261e-05
-7.05739e-05
-5.50931e-05
-4.04307e-05
-2.85856e-05
-1.65949e-05
-6.45518e-06
8.33527e-07
4.52852e-07
5.65774e-06
8.49127e-06
-1.539e-06
1.25879e-05
3.05227e-05
2.94901e-05
1.83434e-05
8.38766e-06
1.16193e-05
1.93818e-05
1.47742e-05
-1.70664e-06
-7.52619e-06
-1.7929e-05
-3.68126e-05
-4.77916e-05
-7.37695e-05
-8.19907e-05
-7.74796e-05
-9.82864e-05
-0.0001056
-0.000107945
-0.000101957
-8.69127e-05
-9.49348e-05
-7.45693e-05
-4.68603e-05
-4.57369e-05
-3.62352e-05
-2.26799e-05
-1.58673e-05
-1.24726e-05
5.28638e-06
1.86112e-05
3.27555e-05
4.0752e-05
4.31106e-05
5.53946e-05
4.83423e-05
3.41071e-05
1.57625e-05
-1.0298e-05
-2.38917e-05
-4.4291e-05
-5.20768e-05
-5.12026e-05
-4.94878e-05
-5.89639e-05
-7.65169e-05
-7.74121e-05
-7.67194e-05
-6.30373e-05
-5.74342e-05
-6.0752e-05
-5.71758e-05
-4.6596e-05
-3.96147e-05
-4.3461e-05
-5.39045e-05
-5.06857e-05
-4.94191e-05
-4.5085e-05
-2.92899e-05
-1.98044e-05
-1.45693e-05
-1.33877e-05
9.34808e-07
1.34738e-05
-2.28871e-06
-2.40605e-05
-1.71991e-05
-3.08219e-05
-5.4319e-05
-3.57893e-05
-2.50244e-05
-2.72014e-05
-1.00081e-05
-9.72061e-06
-2.13888e-05
-1.5064e-05
-2.00803e-05
-2.47753e-05
-2.33062e-05
-3.09837e-05
-3.55041e-05
-4.87008e-05
-5.29919e-05
-5.7674e-05
-6.72142e-05
-5.27451e-05
-5.70931e-05
-6.49756e-05
-5.23003e-05
-5.94342e-05
-6.85739e-05
-6.29511e-05
-5.75017e-05
-5.17357e-05
-4.30361e-05
-2.73295e-05
1.07101e-06
8.77066e-06
-1.01583e-05
-4.23399e-06
2.62922e-05
3.06461e-05
1.70419e-05
5.95227e-06
4.97905e-06
2.51548e-05
2.07544e-05
-3.56694e-06
-2.62759e-05
-3.85541e-05
-5.19534e-05
-7.26542e-05
-7.99907e-05
-7.85239e-05
-7.50151e-05
-6.81839e-05
-6.66403e-05
-7.01525e-05
-8.35867e-05
-8.41618e-05
-7.70955e-05
-7.122e-05
-4.45774e-05
-4.75541e-05
-5.31839e-05
-3.85087e-05
-2.31991e-05
-1.31665e-06
9.47497e-06
8.97206e-06
2.17974e-05
3.99115e-05
3.71898e-05
2.82095e-05
2.55495e-05
1.60151e-05
-2.27707e-06
-2.5674e-05
-4.36566e-05
-5.08719e-05
-7.36345e-05
-9.0319e-05
-7.07381e-05
-6.67718e-05
-6.50768e-05
-4.81269e-05
-5.25122e-05
-6.03108e-05
-5.77346e-05
-4.61886e-05
-4.1688e-05
-3.55506e-05
-3.21711e-05
-2.36263e-05
7.37136e-06
1.20512e-05
-9.35274e-06
-8.33644e-06
2.8638e-07
-2.50175e-06
-1.03958e-06
-4.78463e-06
-2.00698e-05
-2.63842e-05
-2.83818e-05
-3.84459e-05
-4.76182e-05
-5.39977e-05
-3.42177e-05
-3.78102e-05
-5.91979e-05
-5.67066e-05
-5.86694e-05
-5.3844e-05
-3.90477e-05
-3.04249e-05
-3.2461e-05
-2.39173e-05
-1.76275e-05
-1.46601e-05
-1.32072e-05
-2.45681e-05
-2.74808e-05
-2.30396e-05
-3.17753e-05
-4.41281e-05
-3.15809e-05
-3.26135e-05
-4.48999e-05
-4.41874e-05
-5.27357e-05
-6.17194e-05
-6.05949e-05
-6.78021e-05
-7.9468e-05
-7.08545e-05
-5.2901e-05
-4.59767e-05
-4.77683e-05
-3.71653e-05
-2.87439e-05
-2.82643e-05
-8.83469e-06
5.79162e-06
2.19325e-06
-3.16182e-06
-4.03376e-06
3.23399e-06
9.41793e-07
-5.58324e-06
2.15716e-06
-2.9546e-06
-2.6475e-05
-3.85204e-05
-5.53155e-05
-6.34878e-05
-5.52712e-05
-5.8014e-05
-6.05553e-05
-7.59313e-05
-8.08277e-05
-5.85204e-05
-4.11199e-05
-3.21339e-05
-3.00314e-05
-2.45483e-05
-7.86263e-06
1.53318e-06
-1.17322e-05
-1.30698e-05
-9.9092e-06
-1.83935e-05
-2.02747e-05
-2.28987e-05
-2.5752e-05
-2.88335e-05
-4.1766e-05
-4.9057e-05
-4.74563e-05
-5.71944e-05
-5.76449e-05
-4.80407e-05
-5.13341e-05
-4.67008e-05
-4.34994e-05
-4.59546e-05
-3.70675e-05
-3.11502e-05
-3.51257e-05
-3.55355e-05
-3.0752e-05
-3.02119e-05
-2.16473e-05
-1.67776e-05
-9.30151e-06
1.27648e-05
2.63807e-05
3.78487e-05
4.44098e-05
5.08487e-05
4.50827e-05
2.94156e-05
1.77334e-05
-9.69034e-06
-3.5234e-05
-4.25285e-05
-4.43725e-05
-7.01432e-05
-0.000100475
-0.000112608
-0.000121806
-0.000129666
-0.00013354
-0.000133582
-0.000130037
-0.000123709
-0.000107007
-6.5546e-05
-4.01665e-05
-2.95995e-05
3.89872e-06
4.28976e-05
7.22282e-05
9.59185e-05
0.000117157
0.000119749
9.3064e-05
6.62375e-05
4.97229e-05
3.01839e-05
-5.89523e-06
-3.33376e-05
-4.3539e-05
-6.75646e-05
-9.71595e-05
-0.000125546
-0.000135122
-0.000128651
-0.000132717
-0.000145917
-0.000142831
-0.000134948
-0.000129892
-9.69278e-05
-7.37031e-05
-5.83481e-05
-2.04913e-05
-4.70314e-07
1.56822e-05
4.16286e-05
5.92503e-05
6.99441e-05
7.37614e-05
8.35134e-05
7.84144e-05
8.06135e-05
7.13376e-05
4.55786e-05
2.87451e-05
9.44936e-06
-3.93481e-06
-2.40477e-05
-4.65856e-05
-7.50058e-05
-9.65483e-05
-0.000126265
-0.000160836
-0.00015558
-0.000141456
-0.000147552
-0.000138148
-0.000120404
-0.000114226
-0.000102163
-7.9617e-05
-7.53702e-05
-5.85634e-05
-3.38999e-05
-3.22142e-05
-9.47614e-06
1.95739e-05
5.6468e-05
8.03097e-05
8.86158e-05
9.62456e-05
9.92468e-05
0.000107499
8.44692e-05
4.82503e-05
3.21886e-05
3.27043e-05
7.1362e-06
-1.85052e-05
-3.50582e-05
-6.29977e-05
-8.13679e-05
-0.00010278
-0.000129617
-0.000152428
-0.00015966
-0.00014899
-0.000132296
-0.00012649
-0.000123894
-0.000113515
-9.33027e-05
-6.66019e-05
-5.13248e-05
-3.58661e-05
-2.00116e-06
1.86345e-05
4.07159e-05
5.85495e-05
4.92549e-05
4.60838e-05
4.69942e-05
6.12072e-05
8.49558e-05
7.52002e-05
3.71665e-05
8.73225e-06
-2.03807e-05
-5.48079e-05
-5.58475e-05
-6.67776e-05
-8.60698e-05
-8.86496e-05
-0.00010654
-0.000112707
-0.000120516
-0.000133139
-0.000108155
-8.24878e-05
-7.84924e-05
-6.59767e-05
-5.29453e-05
-3.63714e-05
-1.68056e-05
8.1979e-06
4.14761e-05
6.73038e-05
7.23166e-05
7.84715e-05
7.69523e-05
7.32468e-05
6.48964e-05
5.84622e-05
2.64633e-05
-1.24552e-05
-2.32631e-05
-4.1638e-05
-4.81839e-05
-4.64168e-05
-6.12049e-05
-6.80582e-05
-5.76554e-05
-6.31746e-05
-8.07462e-05
-5.91246e-05
-3.19336e-05
-2.93132e-05
-1.6773e-05
1.23283e-06
1.0993e-05
2.70512e-05
3.08941e-05
4.92549e-06
-6.57625e-06
4.08382e-06
1.9468e-05
2.2915e-05
1.36927e-05
1.07765e-05
7.22119e-06
-6.03842e-06
-1.20896e-05
-2.17125e-05
-2.21292e-05
-2.23038e-05
-3.19173e-05
-4.50768e-05
-6.00198e-05
-6.60629e-05
-7.60384e-05
-7.70745e-05
-7.956e-05
-7.82934e-05
-5.33655e-05
-3.57241e-05
-1.48673e-05
3.35041e-06
1.36985e-05
2.91653e-05
3.30617e-05
3.80012e-05
3.07078e-05
1.30827e-05
1.55332e-05
9.97555e-06
-1.12549e-05
-1.33853e-05
-1.67614e-05
-2.61711e-05
-3.6865e-05
-3.73248e-05
-4.50035e-05
-5.96484e-05
-4.43667e-05
-3.58161e-05
-3.9376e-05
-4.20908e-05
-4.26973e-05
-4.82491e-05
-3.84831e-05
-1.84983e-05
-1.03027e-05
-2.51222e-06
-2.90803e-06
-3.18626e-06
5.52969e-07
-8.34692e-06
-2.41548e-05
-4.03993e-05
-4.84657e-05
-5.38487e-05
-5.15576e-05
-3.05262e-05
-2.09383e-05
-3.17579e-05
-2.81327e-05
-2.30431e-05
-7.32829e-06
9.82771e-06
1.99383e-05
9.60536e-06
-2.77998e-06
-1.02072e-05
-1.84587e-05
-1.46857e-05
-4.0787e-05
-5.90524e-05
-5.42701e-05
-5.75192e-05
-6.51758e-05
-6.19534e-05
-6.35949e-05
-6.1135e-05
-5.97253e-05
-5.01118e-05
-3.18149e-05
-3.45448e-05
-2.20803e-05
-1.25763e-05
-2.52782e-05
-8.51222e-06
-3.76135e-06
-2.20815e-05
-2.31211e-05
-3.15017e-05
-4.50664e-05
-3.55751e-05
-3.0312e-05
-3.38044e-05
-4.64668e-05
-4.91898e-05
-3.03783e-05
-1.88324e-05
-1.30873e-05
-1.28626e-05
-3.21921e-05
-4.65576e-05
-3.97439e-05
-5.00303e-05
-5.55169e-05
-4.39022e-05
-3.91315e-05
-4.82456e-05
-4.83248e-05
-2.30861e-05
-1.36927e-05
-1.07066e-05
3.83353e-06
-9.86147e-06
-1.26473e-05
1.37811e-05
1.85739e-05
-1.22119e-06
-1.01059e-05
-1.39441e-05
-2.3461e-05
-4.13632e-05
-5.41036e-05
-6.88219e-05
-8.05483e-05
-7.14971e-05
-7.93993e-05
-6.80815e-05
-4.46193e-05
-3.52608e-05
-1.94459e-05
-2.05611e-05
-1.66088e-05
-5.11525e-06
-1.32526e-05
-2.95693e-05
-3.75448e-05
-5.04307e-05
-5.9078e-05
-5.89057e-05
-5.67381e-05
-3.57811e-05
-3.26217e-05
-3.44051e-05
-2.79173e-05
-3.28487e-05
-1.75588e-05
-7.25378e-06
-4.1688e-06
-9.35972e-07
-1.21595e-05
-2.31153e-05
-1.91537e-05
-1.92084e-06
-2.74389e-06
-4.05821e-06
-2.65658e-06
-1.72992e-05
-3.5305e-05
-4.96217e-05
-7.08382e-05
-9.26473e-05
-8.73609e-05
-8.37939e-05
-0.000101515
-9.47031e-05
-6.84284e-05
-6.76601e-05
-6.32794e-05
-4.46356e-05
-4.14459e-05
-2.68836e-05
-1.53108e-05
-1.23504e-05
5.79744e-06
8.62282e-06
5.34808e-06
1.53492e-05
1.63795e-05
8.92317e-06
1.11909e-05
1.36659e-05
7.82887e-06
-2.75553e-06
-4.48661e-06
2.06054e-06
-1.30384e-06
-2.0454e-05
-3.66414e-05
-3.6553e-05
-3.34354e-05
-4.68522e-05
-7.29593e-05
-9.30792e-05
-8.41769e-05
-7.9326e-05
-9.90419e-05
-9.53388e-05
-8.48359e-05
-7.50827e-05
-6.19895e-05
-4.69686e-05
-2.38999e-05
-2.81129e-05
-2.74075e-05
-1.36787e-05
-1.45332e-05
-6.28405e-06
7.28522e-06
9.31083e-06
-2.45518e-06
2.22352e-06
2.38778e-05
2.71979e-05
2.51444e-05
2.87788e-05
2.70512e-05
2.14447e-05
1.89034e-05
2.03842e-05
-5.54133e-07
-2.93353e-05
-5.02165e-05
-7.32282e-05
-8.46915e-05
-0.000100043
-0.00012424
-0.000125177
-0.000130694
-0.000126946
-0.000108083
-9.48522e-05
-8.42363e-05
-6.75204e-05
-4.50559e-05
-1.94948e-05
-2.17229e-06
8.22235e-06
2.79371e-05
4.64738e-05
6.06473e-05
5.29104e-05
5.07776e-05
5.04168e-05
3.02095e-05
2.24016e-05
1.70524e-05
-1.55099e-05
-3.05297e-05
-3.77695e-05
-5.82829e-05
-8.16449e-05
-9.56414e-05
-0.000100894
-8.96764e-05
-8.34319e-05
-0.000100299
-0.000114159
-0.00010515
-7.85041e-05
-6.41909e-05
-4.48161e-05
-2.26834e-05
-1.73399e-05
-5.48778e-06
-3.04307e-06
1.52643e-05
3.78719e-05
1.73714e-05
3.13388e-06
3.88242e-06
1.24331e-06
-9.23166e-07
-1.25262e-06
-1.722e-05
-2.08254e-05
-1.61641e-05
-3.79267e-05
-6.45006e-05
-6.73225e-05
-6.48673e-05
-5.06962e-05
-2.71665e-05
-2.5007e-05
-1.93458e-05
-2.80838e-05
-2.76799e-05
-2.183e-05
-3.69744e-05
-1.93038e-05
-1.55332e-05
-2.60198e-05
-1.92689e-05
-2.06554e-05
-2.21956e-05
-2.49965e-05
-2.68533e-05
-3.87811e-05
-6.30838e-05
-5.4929e-05
-4.23143e-05
4.24307e-05
2.222e-05
-1.17579e-07
-9.57742e-06
-2.43295e-05
-3.81001e-05
-4.34133e-05
-5.63015e-05
-4.74203e-05
-3.58393e-05
-4.85553e-05
-5.17683e-05
-5.00466e-05
-6.28312e-05
-8.64517e-05
-9.98044e-05
-9.20582e-05
-9.06368e-05
-0.000101169
-9.60885e-05
-7.18265e-05
-5.25634e-05
-3.75728e-05
-2.5071e-05
-2.33772e-05
-3.01898e-05
-2.18906e-05
-7.03143e-07
3.8149e-06
9.79278e-06
1.53097e-05
2.08696e-05
4.44924e-05
5.62608e-05
4.51304e-05
2.13842e-05
-5.54249e-06
-2.05495e-05
-3.77357e-05
-5.75483e-05
-5.35413e-05
-6.4468e-05
-8.29872e-05
-7.20687e-05
-7.22468e-05
-8.35716e-05
-8.63667e-05
-9.25041e-05
-8.86019e-05
-7.89173e-05
-6.27346e-05
-4.84389e-05
-5.31234e-05
-5.54063e-05
-3.65355e-05
-1.20547e-05
3.09779e-06
1.36123e-05
6.9546e-06
1.33423e-05
1.76438e-05
3.56577e-06
1.91513e-05
2.87322e-05
1.47136e-05
-2.54948e-07
-1.18382e-05
-2.50966e-05
-4.48428e-05
-5.90768e-05
-6.37485e-05
-7.14296e-05
-8.11083e-05
-6.71676e-05
-6.00931e-05
-7.6759e-05
-8.45576e-05
-8.17974e-05
-6.65437e-05
-4.44831e-05
-4.41537e-05
-5.44377e-05
-2.74645e-05
3.2922e-06
1.34761e-05
2.49802e-05
2.56962e-05
1.85448e-05
4.21304e-06
5.89523e-06
5.01397e-06
-1.67753e-05
-1.56123e-05
-6.078e-06
-1.46729e-05
-2.35332e-05
-2.18219e-05
-3.31607e-05
-4.76042e-05
-5.89965e-05
-6.93702e-05
-7.28079e-05
-7.38673e-05
-7.26158e-05
-9.01921e-05
-9.69069e-05
-8.84412e-05
-9.63842e-05
-8.68696e-05
-5.6631e-05
-4.44203e-05
-3.21397e-05
-1.64156e-05
-1.21129e-05
-2.52503e-06
8.28987e-06
9.68917e-06
1.31327e-05
1.52829e-05
1.22526e-05
1.07451e-05
1.22515e-05
9.46333e-06
3.79162e-06
1.49942e-05
1.26391e-05
5.55763e-06
4.57392e-06
-6.16182e-06
-2.19849e-05
-3.48172e-05
-3.96612e-05
-4.70605e-05
-5.90687e-05
-8.9397e-05
-0.000110342
-0.000107386
-0.000108823
-0.000111149
-0.000112511
-0.000107964
-9.4773e-05
-7.10058e-05
-6.00803e-05
-6.28475e-05
-4.24179e-05
-2.69476e-05
-7.59837e-06
2.02841e-05
2.95786e-05
2.32119e-05
1.73469e-05
2.92526e-05
3.87125e-05
2.88231e-05
1.62491e-05
9.22701e-06
-1.9057e-06
-2.18859e-05
-3.9298e-05
-4.10128e-05
-5.19534e-05
-7.00058e-05
-7.88009e-05
-6.88137e-05
-4.36077e-05
-3.15064e-05
-3.20116e-05
-3.89884e-05
-5.46845e-05
-6.86403e-05
-6.49383e-05
-6.81385e-05
-6.5213e-05
-4.87008e-05
-4.21001e-05
-5.21385e-05
-5.7071e-05
-4.61583e-05
-4.87998e-05
-4.80023e-05
-3.44633e-05
-2.46112e-05
-2.00594e-05
-1.32049e-05
-6.40047e-06
-9.5227e-07
5.97439e-06
1.93166e-05
3.31153e-05
3.73236e-05
3.19476e-05
2.11688e-05
1.94657e-05
1.38952e-05
-7.35739e-06
-1.36251e-05
-2.43818e-05
-3.58359e-05
-4.75134e-05
-4.85332e-05
-3.25669e-05
-2.82282e-05
-2.33329e-05
-1.99243e-05
-2.3298e-05
-2.64738e-05
-2.91187e-05
-1.51781e-05
-1.62806e-05
-2.07276e-05
-1.86822e-05
-1.1539e-05
-6.49942e-06
-1.31769e-05
-5.32712e-06
-4.4447e-06
-7.19674e-06
-8.25146e-06
-4.09313e-06
1.73458e-07
3.41444e-06
8.95227e-07
-9.42957e-06
-1.37835e-05
-3.3397e-05
-3.20198e-05
-1.2766e-05
-1.1851e-05
-7.78463e-06
3.42375e-06
1.44901e-05
2.0709e-05
3.32736e-05
3.22945e-05
2.79919e-05
1.09744e-05
1.77881e-06
-1.68335e-06
-2.49674e-05
-4.08964e-05
-4.94529e-05
-5.91595e-05
-7.32643e-05
-8.16147e-05
-9.04761e-05
-9.8674e-05
-9.50256e-05
-9.51618e-05
-0.000102766
-0.000111196
-9.8397e-05
-7.32375e-05
-5.47159e-05
-3.72747e-05
-2.50338e-05
-1.2922e-05
1.04994e-05
4.10861e-05
5.67648e-05
5.68754e-05
5.56519e-05
6.14237e-05
6.71234e-05
5.56403e-05
4.71269e-05
2.68137e-05
-1.49593e-06
2.85914e-06
-1.30012e-05
-3.5915e-05
-4.46135e-05
-6.41653e-05
-7.37346e-05
-7.6482e-05
-8.46601e-05
-9.60093e-05
-0.000105701
-0.000109031
-0.000106325
-0.000102111
-8.74261e-05
-7.05739e-05
-5.50931e-05
-4.04307e-05
-2.85856e-05
-1.65949e-05
-6.45518e-06
8.33527e-07
4.52852e-07
5.65774e-06
8.49127e-06
-1.539e-06
1.25879e-05
3.05227e-05
2.94901e-05
1.83434e-05
8.38766e-06
1.16193e-05
1.93818e-05
1.47742e-05
-1.70664e-06
-7.52619e-06
-1.7929e-05
-3.68126e-05
-4.77916e-05
-7.37695e-05
-8.19907e-05
-7.74796e-05
-9.82864e-05
-0.0001056
-0.000107945
-0.000101957
-8.69127e-05
-9.49348e-05
-7.45693e-05
-4.68603e-05
-4.57369e-05
-3.62352e-05
-2.26799e-05
-1.58673e-05
-1.24726e-05
5.28638e-06
1.86112e-05
3.27555e-05
4.0752e-05
4.31106e-05
5.53946e-05
4.83423e-05
3.41071e-05
1.57625e-05
-1.0298e-05
-2.38917e-05
-4.4291e-05
-5.20768e-05
-5.12026e-05
-4.94878e-05
-5.89639e-05
-7.65169e-05
-7.74121e-05
-7.67194e-05
-6.30373e-05
-5.74342e-05
-6.0752e-05
-5.71758e-05
-4.6596e-05
-3.96147e-05
-4.3461e-05
-5.39045e-05
-5.06857e-05
-4.94191e-05
-4.5085e-05
-2.92899e-05
-1.98044e-05
-1.45693e-05
-1.33877e-05
9.34808e-07
1.34738e-05
-2.28871e-06
-2.40605e-05
-1.71991e-05
-3.08219e-05
-5.4319e-05
-3.57893e-05
-2.50244e-05
-2.72014e-05
-1.00081e-05
-9.72061e-06
-2.13888e-05
-1.5064e-05
-2.00803e-05
-2.47753e-05
-2.33062e-05
-3.09837e-05
-3.55041e-05
-4.87008e-05
-5.29919e-05
-5.7674e-05
-6.72142e-05
-5.27451e-05
-5.70931e-05
-6.49756e-05
-5.23003e-05
-5.94342e-05
-6.85739e-05
-6.29511e-05
-5.75017e-05
-5.17357e-05
-4.30361e-05
-2.73295e-05
1.07101e-06
8.77066e-06
-1.01583e-05
-4.23399e-06
2.62922e-05
3.06461e-05
1.70419e-05
5.95227e-06
4.97905e-06
2.51548e-05
2.07544e-05
-3.56694e-06
-2.62759e-05
-3.85541e-05
-5.19534e-05
-7.26542e-05
-7.99907e-05
-7.85239e-05
-7.50151e-05
-6.81839e-05
-6.66403e-05
-7.01525e-05
-8.35867e-05
-8.41618e-05
-7.70955e-05
-7.122e-05
-4.45774e-05
-4.75541e-05
-5.31839e-05
-3.85087e-05
-2.31991e-05
-1.31665e-06
9.47497e-06
8.97206e-06
2.17974e-05
3.99115e-05
3.71898e-05
2.82095e-05
2.55495e-05
1.60151e-05
-2.27707e-06
-2.5674e-05
-4.36566e-05
-5.08719e-05
-7.36345e-05
-9.0319e-05
-7.07381e-05
-6.67718e-05
-6.50768e-05
-4.81269e-05
-5.25122e-05
-6.03108e-05
-5.77346e-05
-4.61886e-05
-4.1688e-05
-3.55506e-05
-3.21711e-05
-2.36263e-05
7.37136e-06
1.20512e-05
-9.35274e-06
-8.33644e-06
2.8638e-07
-2.50175e-06
-1.03958e-06
-4.78463e-06
-2.00698e-05
-2.63842e-05
-2.83818e-05
-3.84459e-05
-4.76182e-05
-5.39977e-05
-3.42177e-05
-3.78102e-05
-5.91979e-05
-5.67066e-05
-5.86694e-05
-5.3844e-05
-3.90477e-05
-3.04249e-05
-3.2461e-05
-2.39173e-05
-1.76275e-05
-1.46601e-05
-1.32072e-05
-2.45681e-05
-2.74808e-05
-2.30396e-05
-3.17753e-05
-4.41281e-05
-3.15809e-05
-3.26135e-05
-4.48999e-05
-4.41874e-05
-5.27357e-05
-6.17194e-05
-6.05949e-05
-6.78021e-05
-7.9468e-05
-7.08545e-05
-5.2901e-05
-4.59767e-05
-4.77683e-05
-3.71653e-05
-2.87439e-05
-2.82643e-05
-8.83469e-06
5.79162e-06
2.19325e-06
-3.16182e-06
-4.03376e-06
3.23399e-06
9.41793e-07
-5.58324e-06
2.15716e-06
-2.9546e-06
-2.6475e-05
-3.85204e-05
-5.53155e-05
-6.34878e-05
-5.52712e-05
-5.8014e-05
-6.05553e-05
-7.59313e-05
-8.08277e-05
-5.85204e-05
-4.11199e-05
-3.21339e-05
-3.00314e-05
-2.45483e-05
-7.86263e-06
1.53318e-06
-1.17322e-05
-1.30698e-05
-9.9092e-06
-1.83935e-05
-2.02747e-05
-2.28987e-05
-2.5752e-05
-2.88335e-05
-4.1766e-05
-4.9057e-05
-4.74563e-05
-5.71944e-05
-5.76449e-05
-4.80407e-05
-5.13341e-05
-4.67008e-05
-4.34994e-05
-4.59546e-05
-3.70675e-05
-3.11502e-05
-3.51257e-05
-3.55355e-05
-3.0752e-05
-3.02119e-05
-2.16473e-05
-1.67776e-05
-9.30151e-06
1.27648e-05
2.63807e-05
3.78487e-05
4.44098e-05
5.08487e-05
4.50827e-05
2.94156e-05
1.77334e-05
-9.69034e-06
-3.5234e-05
-4.25285e-05
-4.43725e-05
-7.01432e-05
-0.000100475
-0.000112608
-0.000121806
-0.000129666
-0.00013354
-0.000133582
-0.000130037
-0.000123709
-0.000107007
-6.5546e-05
-4.01665e-05
-2.95995e-05
3.89872e-06
4.28976e-05
7.22282e-05
9.59185e-05
0.000117157
0.000119749
9.3064e-05
6.62375e-05
4.97229e-05
3.01839e-05
-5.89523e-06
-3.33376e-05
-4.3539e-05
-6.75646e-05
-9.71595e-05
-0.000125546
-0.000135122
-0.000128651
-0.000132717
-0.000145917
-0.000142831
-0.000134948
-0.000129892
-9.69278e-05
-7.37031e-05
-5.83481e-05
-2.04913e-05
-4.70314e-07
1.56822e-05
4.16286e-05
5.92503e-05
6.99441e-05
7.37614e-05
8.35134e-05
7.84144e-05
8.06135e-05
7.13376e-05
4.55786e-05
2.87451e-05
9.44936e-06
-3.93481e-06
-2.40477e-05
-4.65856e-05
-7.50058e-05
-9.65483e-05
-0.000126265
-0.000160836
-0.00015558
-0.000141456
-0.000147552
-0.000138148
-0.000120404
-0.000114226
-0.000102163
-7.9617e-05
-7.53702e-05
-5.85634e-05
-3.38999e-05
-3.22142e-05
-9.47614e-06
1.95739e-05
5.6468e-05
8.03097e-05
8.86158e-05
9.62456e-05
9.92468e-05
0.000107499
8.44692e-05
4.82503e-05
3.21886e-05
3.27043e-05
7.1362e-06
-1.85052e-05
-3.50582e-05
-6.29977e-05
-8.13679e-05
-0.00010278
-0.000129617
-0.000152428
-0.00015966
-0.00014899
-0.000132296
-0.00012649
-0.000123894
-0.000113515
-9.33027e-05
-6.66019e-05
-5.13248e-05
-3.58661e-05
-2.00116e-06
1.86345e-05
4.07159e-05
5.85495e-05
4.92549e-05
4.60838e-05
4.69942e-05
6.12072e-05
8.49558e-05
7.52002e-05
3.71665e-05
8.73225e-06
-2.03807e-05
-5.48079e-05
-5.58475e-05
-6.67776e-05
-8.60698e-05
-8.86496e-05
-0.00010654
-0.000112707
-0.000120516
-0.000133139
-0.000108155
-8.24878e-05
-7.84924e-05
-6.59767e-05
-5.29453e-05
-3.63714e-05
-1.68056e-05
8.1979e-06
4.14761e-05
6.73038e-05
7.23166e-05
7.84715e-05
7.69523e-05
7.32468e-05
6.48964e-05
5.84622e-05
2.64633e-05
-1.24552e-05
-2.32631e-05
-4.1638e-05
-4.81839e-05
-4.64168e-05
-6.12049e-05
-6.80582e-05
-5.76554e-05
-6.31746e-05
-8.07462e-05
-5.91246e-05
-3.19336e-05
-2.93132e-05
-1.6773e-05
1.23283e-06
1.0993e-05
2.70512e-05
3.08941e-05
4.92549e-06
-6.57625e-06
4.08382e-06
1.9468e-05
2.2915e-05
1.36927e-05
1.07765e-05
7.22119e-06
-6.03842e-06
-1.20896e-05
-2.17125e-05
-2.21292e-05
-2.23038e-05
-3.19173e-05
-4.50768e-05
-6.00198e-05
-6.60629e-05
-7.60384e-05
-7.70745e-05
-7.956e-05
-7.82934e-05
-5.33655e-05
-3.57241e-05
-1.48673e-05
3.35041e-06
1.36985e-05
2.91653e-05
3.30617e-05
3.80012e-05
3.07078e-05
1.30827e-05
1.55332e-05
9.97555e-06
-1.12549e-05
-1.33853e-05
-1.67614e-05
-2.61711e-05
-3.6865e-05
-3.73248e-05
-4.50035e-05
-5.96484e-05
-4.43667e-05
-3.58161e-05
-3.9376e-05
-4.20908e-05
-4.26973e-05
-4.82491e-05
-3.84831e-05
-1.84983e-05
-1.03027e-05
-2.51222e-06
-2.90803e-06
-3.18626e-06
5.52969e-07
-8.34692e-06
-2.41548e-05
-4.03993e-05
-4.84657e-05
-5.38487e-05
-5.15576e-05
-3.05262e-05
-2.09383e-05
-3.17579e-05
-2.81327e-05
-2.30431e-05
-7.32829e-06
9.82771e-06
1.99383e-05
9.60536e-06
-2.77998e-06
-1.02072e-05
-1.84587e-05
-1.46857e-05
-4.0787e-05
-5.90524e-05
-5.42701e-05
-5.75192e-05
-6.51758e-05
-6.19534e-05
-6.35949e-05
-6.1135e-05
-5.97253e-05
-5.01118e-05
-3.18149e-05
-3.45448e-05
-2.20803e-05
-1.25763e-05
-2.52782e-05
-8.51222e-06
-3.76135e-06
-2.20815e-05
-2.31211e-05
-3.15017e-05
-4.50664e-05
-3.55751e-05
-3.0312e-05
-3.38044e-05
-4.64668e-05
-4.91898e-05
-3.03783e-05
-1.88324e-05
-1.30873e-05
-1.28626e-05
-3.21921e-05
-4.65576e-05
-3.97439e-05
-5.00303e-05
-5.55169e-05
-4.39022e-05
-3.91315e-05
-4.82456e-05
-4.83248e-05
-2.30861e-05
-1.36927e-05
-1.07066e-05
3.83353e-06
-9.86147e-06
-1.26473e-05
1.37811e-05
1.85739e-05
-1.22119e-06
-1.01059e-05
-1.39441e-05
-2.3461e-05
-4.13632e-05
-5.41036e-05
-6.88219e-05
-8.05483e-05
-7.14971e-05
-7.93993e-05
-6.80815e-05
-4.46193e-05
-3.52608e-05
-1.94459e-05
-2.05611e-05
-1.66088e-05
-5.11525e-06
-1.32526e-05
-2.95693e-05
-3.75448e-05
-5.04307e-05
-5.9078e-05
-5.89057e-05
-5.67381e-05
-3.57811e-05
-3.26217e-05
-3.44051e-05
-2.79173e-05
-3.28487e-05
-1.75588e-05
-7.25378e-06
-4.1688e-06
-9.35972e-07
-1.21595e-05
-2.31153e-05
-1.91537e-05
-1.92084e-06
-2.74389e-06
-4.05821e-06
-2.65658e-06
-1.72992e-05
-3.5305e-05
-4.96217e-05
-7.08382e-05
-9.26473e-05
-8.73609e-05
-8.37939e-05
-0.000101515
-9.47031e-05
-6.84284e-05
-6.76601e-05
-6.32794e-05
-4.46356e-05
-4.14459e-05
-2.68836e-05
-1.53108e-05
-1.23504e-05
5.79744e-06
8.62282e-06
5.34808e-06
1.53492e-05
1.63795e-05
8.92317e-06
1.11909e-05
1.36659e-05
7.82887e-06
-2.75553e-06
-4.48661e-06
2.06054e-06
-1.30384e-06
-2.0454e-05
-3.66414e-05
-3.6553e-05
-3.34354e-05
-4.68522e-05
-7.29593e-05
-9.30792e-05
-8.41769e-05
-7.9326e-05
-9.90419e-05
-9.53388e-05
-8.48359e-05
-7.50827e-05
-6.19895e-05
-4.69686e-05
-2.38999e-05
-2.81129e-05
-2.74075e-05
-1.36787e-05
-1.45332e-05
-6.28405e-06
7.28522e-06
9.31083e-06
-2.45518e-06
2.22352e-06
2.38778e-05
2.71979e-05
2.51444e-05
2.87788e-05
2.70512e-05
2.14447e-05
1.89034e-05
2.03842e-05
-5.54133e-07
-2.93353e-05
-5.02165e-05
-7.32282e-05
-8.46915e-05
-0.000100043
-0.00012424
-0.000125177
-0.000130694
-0.000126946
-0.000108083
-9.48522e-05
-8.42363e-05
-6.75204e-05
-4.50559e-05
-1.94948e-05
-2.17229e-06
8.22235e-06
2.79371e-05
4.64738e-05
6.06473e-05
5.29104e-05
5.07776e-05
5.04168e-05
3.02095e-05
2.24016e-05
1.70524e-05
-1.55099e-05
-3.05297e-05
-3.77695e-05
-5.82829e-05
-8.16449e-05
-9.56414e-05
-0.000100894
-8.96764e-05
-8.34319e-05
-0.000100299
-0.000114159
-0.00010515
-7.85041e-05
-6.41909e-05
-4.48161e-05
-2.26834e-05
-1.73399e-05
-5.48778e-06
-3.04307e-06
1.52643e-05
3.78719e-05
1.73714e-05
3.13388e-06
3.88242e-06
1.24331e-06
-9.23166e-07
-1.25262e-06
-1.722e-05
-2.08254e-05
-1.61641e-05
-3.79267e-05
-6.45006e-05
-6.73225e-05
-6.48673e-05
-5.06962e-05
-2.71665e-05
-2.5007e-05
-1.93458e-05
-2.80838e-05
-2.76799e-05
-2.183e-05
-3.69744e-05
-1.93038e-05
-1.55332e-05
-2.60198e-05
-1.92689e-05
-2.06554e-05
-2.21956e-05
-2.49965e-05
-2.68533e-05
-3.87811e-05
-6.30838e-05
-5.4929e-05
-4.23143e-05
