0.500000 
0.548322 
0.588247 
0.619397 
0.641522 
0.654508 
0.658377 
0.653277 
0.639486 
0.617398 
0.587521 
0.550463 
0.506924 
0.457679 
0.403570 
0.345492 
0.284372 
0.221161 
0.156817 
0.092289 
0.028504 
-0.033645 
-0.093316 
-0.149726 
-0.202164 
-0.250000 
-0.292689 
-0.329783 
-0.360932 
-0.385889 
-0.404508 
-0.416748 
-0.422668 
-0.422422 
-0.416258 
-0.404509 
-0.387583 
-0.365961 
-0.340177 
-0.310818 
-0.278504 
-0.243883 
-0.207615 
-0.170362 
-0.132777 
-0.095492 
-0.059108 
-0.024186 
0.008763 
0.039284 
0.066987 
0.091549 
0.112719 
0.130323 
0.144261 
0.154508 
0.161116 
0.164203 
0.163958 
0.160625 
0.154509 
0.145955 
0.135351 
0.123113 
0.109678 
0.095492 
0.081003 
0.066652 
0.052861 
0.040024 
0.028504 
0.018620 
0.010640 
0.004782 
0.001204 
0.000000 
0.001204 
0.004782 
0.010640 
0.018619 
0.028504 
0.040024 
0.052860 
0.066652 
0.081003 
0.095491 
0.109677 
0.123113 
0.135351 
0.145955 
0.154508 
0.160625 
0.163958 
0.164204 
0.161116 
0.154509 
0.144261 
0.130323 
0.112720 
0.091549 
0.066988 
0.039285 
0.008764 
-0.024185 
-0.059107 
-0.095491 
-0.132776 
-0.170361 
-0.207614 
-0.243882 
-0.278503 
-0.310817 
-0.340177 
-0.365960 
-0.387583 
-0.404508 
-0.416258 
-0.422422 
-0.422668 
-0.416749 
-0.404509 
-0.385890 
-0.360933 
-0.329784 
-0.292690 
-0.250001 
-0.202166 
-0.149728 
-0.093317 
-0.033646 
0.028502 
0.092287 
0.156814 
0.221159 
0.284370 
0.345490 
0.403569 
0.457677 
0.506922 
0.550462 
0.587520 
0.617397 
0.639485 
0.653277 
0.658377 
0.654509 
0.641522 
0.619398 
0.588249 
0.548323 
0.500002 
0.443795 
0.380338 
0.310382 
0.234788 
0.154511 
0.070594 
-0.015850 
-0.103656 
-0.191616 
-0.278501 
-0.363079 
-0.444130 
-0.520467 
-0.590949 
-0.654506 
-0.710149 
-0.756986 
-0.794239 
-0.821256 
-0.837521 
-0.842662 
-0.836461 
-0.818858 
-0.789951 
-0.750002 
-0.699428 
-0.638802 
-0.568847 
-0.490421 
-0.404512 
-0.312224 
-0.214760 
-0.113409 
-0.009525 
0.095487 
0.200198 
0.303166 
0.402964 
0.498196 
0.587518 
0.669659 
0.743439 
0.807783 
0.861743 
0.904507 
0.935413 
0.953962 
0.959820 
0.952831 
0.933014 
0.900567 
0.855866 
0.799456 
0.732049 
0.654512 
0.567857 
0.473225 
0.371874 
0.265159 
0.154513 
0.041431 
-0.072556 
-0.185899 
-0.297054 
-0.404504 
-0.506778 
-0.602475 
-0.690281 
-0.768989 
-0.837518 
-0.894924 
-0.940415 
-0.973364 
-0.993318 
-1.000000 
-0.993319 
-0.973367 
-0.940418 
-0.894929 
-0.837524 
-0.768996 
-0.690288 
-0.602483 
-0.506787 
-0.404514 
-0.297064 
-0.185909 
-0.072566 
0.041421 
0.154503 
0.265148 
0.371864 
0.473216 
0.567848 
0.654504 
0.732042 
0.799450 
0.855861 
0.900564 
0.933011 
0.952829 
0.959820 
0.953963 
0.935416 
0.904510 
0.861748 
0.807789 
0.743445 
0.669667 
0.587526 
0.498204 
0.402973 
0.303176 
0.200208 
0.095497 
-0.009516 
-0.113399 
-0.214751 
-0.312215 
-0.404503 
-0.490413 
-0.568840 
-0.638796 
-0.699422 
-0.749997 
-0.789948 
-0.818856 
-0.836460 
-0.842662 
-0.837522 
-0.821258 
-0.794242 
-0.756990 
-0.710154 
-0.654512 
-0.590956 
-0.520473 
-0.444138 
-0.363087 
-0.278509 
-0.191624 
-0.103664 
-0.015859 
0.070586 
0.154503 
0.234780 
0.310375 
0.380332 
0.443789 
0.499997 
0.548319 
0.588245 
0.619395 
0.641521 
0.654508 
0.658377 
0.653278 
0.639487 
0.617400 
0.587523 
0.550466 
0.506927 
0.457682 
0.403574 
0.345495 
0.284375 
0.221165 
0.156821 
0.092293 
0.028508 
-0.033641 
-0.093312 
-0.149723 
-0.202161 
-0.249997 
-0.292686 
-0.329781 
-0.360930 
-0.385888 
-0.404507 
-0.416748 
-0.422668 
-0.422422 
-0.416259 
-0.404510 
-0.387585 
-0.365962 
-0.340179 
-0.310820 
-0.278507 
-0.243886 
-0.207617 
-0.170364 
-0.132779 
-0.095494 
-0.059110 
-0.024188 
0.008761 
0.039283 
0.066985 
0.091547 
0.112718 
0.130322 
0.144260 
0.154508 
0.161116 
0.164203 
0.163958 
0.160626 
0.154509 
0.145956 
0.135352 
0.123114 
0.109679 
0.095493 
0.081004 
0.066653 
0.052861 
0.040025 
0.028505 
0.018620 
0.010641 
0.004783 
0.001204 
0.000000 
0.001203 
0.004782 
0.010639 
0.018619 
0.028503 
0.040023 
0.052859 
0.066651 
0.081002 
0.095490 
0.109677 
0.123112 
0.135350 
0.145954 
0.154508 
0.160625 
0.163957 
0.164204 
0.161116 
0.154509 
0.144262 
0.130324 
0.112721 
0.091551 
0.066989 
0.039287 
0.008766 
-0.024183 
-0.059105 
-0.095488 
-0.132773 
-0.170359 
-0.207612 
-0.243880 
-0.278501 
-0.310815 
-0.340175 
-0.365959 
-0.387582 
-0.404507 
-0.416257 
-0.422422 
-0.422668 
-0.416749 
-0.404510 
-0.385891 
-0.360935 
-0.329786 
-0.292693 
-0.250004 
-0.202169 
-0.149731 
-0.093321 
-0.033650 
0.028499 
0.092283 
0.156810 
0.221155 
0.284366 
0.345486 
0.403565 
0.457674 
0.506919 
0.550460 
0.587518 
0.617396 
0.639484 
0.653276 
0.658377 
0.654509 
0.641523 
0.619399 
0.588251 
0.548326 
0.500005 
0.443799 
0.380342 
0.310387 
0.234792 
0.154516 
0.070600 
-0.015845 
-0.103651 
-0.191610 
-0.278496 
-0.363074 
-0.444125 
-0.520462 
-0.590945 
-0.654503 
-0.710146 
-0.756983 
-0.794237 
-0.821255 
-0.837520 
-0.842662 
-0.836462 
-0.818859 
-0.789953 
-0.750004 
-0.699431 
-0.638807 
-0.568851 
-0.490426 
-0.404517 
-0.312230 
-0.214766 
-0.113415 
-0.009532 
0.095481 
0.200191 
0.303160 
0.402958 
0.498190 
0.587512 
0.669654 
0.743435 
0.807780 
0.861740 
0.904505 
0.935412 
0.953961 
0.959820 
0.952831 
0.933015 
0.900570 
0.855869 
0.799460 
0.732054 
0.654517 
0.567862 
0.473231 
0.371880 
0.265165 
0.154520 
0.041439 
-0.072548 
-0.185892 
-0.297047 
-0.404497 
-0.506772 
-0.602469 
-0.690275 
-0.768985 
-0.837514 
-0.894920 
-0.940412 
-0.973362 
-0.993317 
-1.000000 
-0.993320 
-0.973368 
-0.940421 
-0.894932 
-0.837528 
-0.769001 
-0.690294 
-0.602489 
-0.506793 
-0.404520 
-0.297071 
-0.185916 
-0.072573 
0.041414 
0.154496 
0.265142 
0.371857 
0.473209 
0.567842 
0.654499 
0.732038 
0.799446 
0.855858 
0.900561 
0.933010 
0.952829 
0.959820 
0.953963 
0.935417 
0.904513 
0.861751 
0.807793 
0.743450 
0.669671 
0.587531 
0.498210 
0.402979 
0.303182 
0.200214 
0.095504 
-0.009509 
-0.113393 
-0.214744 
-0.312209 
-0.404498 
-0.490408 
-0.568835 
-0.638792 
-0.699419 
-0.749995 
-0.789946 
-0.818854 
-0.836459 
-0.842662 
-0.837522 
-0.821260 
-0.794244 
-0.756992 
-0.710157 
-0.654516 
-0.590960 
-0.520478 
-0.444143 
-0.363092 
-0.278515 
-0.191630 
-0.103670 
-0.015864 
0.070581 
0.154498 
0.234775 
0.310371 
0.380327 
0.443786 
0.499993 
0.548316 
0.588243 
0.619393 
0.641519 
0.654507 
0.658377 
0.653278 
0.639488 
0.617401 
0.587525 
0.550469 
0.506929 
0.457685 
0.403577 
0.345499 
0.284379 
0.221169 
0.156825 
0.092297 
0.028512 
-0.033637 
-0.093308 
-0.149719 
-0.202158 
-0.249994 
-0.292684 
-0.329779 
-0.360929 
-0.385886 
-0.404506 
-0.416747 
-0.422667 
-0.422422 
-0.416259 
-0.404510 
-0.387586 
-0.365964 
-0.340181 
-0.310822 
-0.278509 
-0.243888 
-0.207620 
-0.170367 
-0.132782 
-0.095496 
-0.059112 
-0.024190 
0.008759 
0.039281 
0.066984 
0.091546 
0.112717 
0.130321 
0.144259 
0.154507 
0.161115 
0.164203 
0.163958 
0.160626 
0.154510 
0.145956 
0.135353 
0.123115 
0.109680 
0.095493 
0.081005 
0.066654 
0.052862 
0.040026 
0.028506 
0.018621 
0.010641 
0.004783 
0.001204 
0.000000 
0.001203 
0.004782 
0.010639 
0.018618 
0.028503 
0.040022 
0.052859 
0.066650 
0.081001 
0.095489 
0.109676 
0.123111 
0.135349 
0.145954 
0.154507 
0.160625 
0.163957 
0.164204 
0.161117 
0.154510 
0.144262 
0.130325 
0.112722 
0.091552 
0.066991 
0.039289 
0.008768 
-0.024181 
-0.059102 
-0.095486 
-0.132771 
-0.170356 
-0.207609 
-0.243878 
-0.278499 
-0.310813 
-0.340173 
-0.365957 
-0.387580 
-0.404506 
-0.416257 
-0.422421 
-0.422668 
-0.416750 
-0.404511 
-0.385892 
-0.360937 
-0.329788 
-0.292695 
-0.250007 
-0.202172 
-0.149735 
-0.093325 
-0.033654 
0.028495 
0.092279 
0.156806 
0.221151 
0.284362 
0.345482 
0.403562 
0.457671 
0.506916 
0.550457 
0.587516 
0.617394 
0.639483 
0.653276 
0.658377 
0.654510 
0.641524 
0.619401 
0.588253 
0.548328 
0.500008 
0.443802 
0.380346 
0.310391 
0.234797 
0.154521 
0.070605 
-0.015840 
-0.103645 
-0.191605 
-0.278491 
-0.363069 
-0.444120 
-0.520457 
-0.590941 
-0.654499 
-0.710142 
-0.756980 
-0.794235 
-0.821254 
-0.837519 
-0.842662 
-0.836463 
-0.818861 
-0.789956 
-0.750007 
-0.699435 
-0.638811 
-0.568856 
-0.490431 
-0.404523 
-0.312236 
-0.214772 
-0.113422 
-0.009538 
0.095474 
0.200185 
0.303153 
0.402952 
0.498184 
0.587507 
0.669650 
0.743430 
0.807776 
0.861737 
0.904502 
0.935410 
0.953960 
0.959820 
0.952832 
0.933017 
0.900572 
0.855872 
0.799464 
0.732058 
0.654522 
0.567868 
0.473237 
0.371887 
0.265172 
0.154527 
0.041446 
-0.072541 
-0.185885 
-0.297040 
-0.404491 
-0.506765 
-0.602463 
-0.690270 
-0.768980 
-0.837510 
-0.894917 
-0.940410 
-0.973361 
-0.993316 
-1.000000 
-0.993321 
-0.973370 
-0.940423 
-0.894935 
-0.837532 
-0.769006 
-0.690299 
-0.602495 
-0.506799 
-0.404527 
-0.297078 
-0.185923 
-0.072580 
0.041407 
0.154489 
0.265135 
0.371851 
0.473203 
0.567837 
0.654494 
0.732033 
0.799443 
0.855855 
0.900559 
0.933008 
0.952828 
0.959820 
0.953964 
0.935419 
0.904515 
0.861754 
0.807796 
0.743454 
0.669676 
0.587537 
0.498216 
0.402985 
0.303188 
0.200221 
0.095510 
-0.009502 
-0.113386 
-0.214738 
-0.312203 
-0.404492 
-0.490403 
-0.568831 
-0.638788 
-0.699416 
-0.749992 
-0.789944 
-0.818853 
-0.836458 
-0.842662 
-0.837523 
-0.821261 
-0.794246 
-0.756995 
-0.710160 
-0.654519 
-0.590964 
-0.520483 
-0.444148 
-0.363097 
-0.278520 
-0.191635 
-0.103675 
-0.015870 
0.070576 
0.154493 
0.234770 
0.310366 
0.380323 
0.443782 
0.499990 
0.548313 
0.588241 
0.619392 
0.641518 
0.654507 
0.658377 
0.653279 
0.639489 
0.617403 
0.587528 
0.550471 
0.506932 
0.457688 
0.403581 
0.345503 
0.284383 
0.221173 
0.156829 
0.092301 
0.028516 
-0.033633 
-0.093305 
-0.149716 
-0.202155 
-0.249991 
-0.292681 
-0.329776 
-0.360927 
-0.385885 
-0.404506 
-0.416747 
-0.422667 
-0.422423 
-0.416260 
-0.404511 
-0.387587 
-0.365965 
-0.340183 
-0.310824 
-0.278511 
-0.243890 
-0.207622 
-0.170369 
-0.132784 
-0.095499 
-0.059115 
-0.024192 
0.008757 
0.039279 
0.066982 
0.091544 
0.112715 
0.130320 
0.144258 
0.154507 
0.161115 
0.164203 
0.163958 
0.160626 
0.154510 
0.145957 
0.135353 
0.123116 
0.109680 
0.095494 
0.081006 
0.066655 
0.052863 
0.040027 
0.028506 
0.018621 
0.010641 
0.004783 
0.001204 
0.000000 
0.001203 
0.004781 
0.010639 
0.018618 
0.028502 
0.040022 
0.052858 
0.066649 
0.081000 
0.095489 
0.109675 
0.123111 
0.135349 
0.145953 
0.154507 
0.160624 
0.163957 
0.164204 
0.161117 
0.154510 
0.144263 
0.130326 
0.112723 
0.091554 
0.066993 
0.039291 
0.008770 
-0.024178 
-0.059100 
-0.095484 
-0.132769 
-0.170354 
-0.207607 
-0.243876 
-0.278497 
-0.310811 
-0.340171 
-0.365956 
-0.387579 
-0.404505 
-0.416256 
-0.422421 
-0.422668 
-0.416750 
-0.404512 
-0.385894 
-0.360938 
-0.329790 
-0.292698 
-0.250010 
-0.202175 
-0.149738 
-0.093328 
-0.033658 
0.028491 
0.092275 
0.156802 
0.221147 
0.284358 
0.345479 
0.403558 
0.457667 
0.506913 
0.550455 
0.587514 
0.617392 
0.639482 
0.653275 
0.658377 
0.654510 
0.641525 
0.619403 
0.588255 
0.548331 
0.500011 
0.443806 
0.380350 
0.310396 
0.234802 
0.154527 
0.070610 
-0.015834 
-0.103640 
-0.191600 
-0.278485 
-0.363064 
-0.444116 
-0.520453 
-0.590937 
-0.654495 
-0.710139 
-0.756978 
-0.794233 
-0.821252 
-0.837519 
-0.842662 
-0.836463 
-0.818862 
-0.789958 
-0.750010 
-0.699438 
-0.638815 
-0.568861 
-0.490436 
-0.404529 
-0.312241 
-0.214779 
-0.113428 
-0.009545 
0.095468 
0.200178 
0.303147 
0.402946 
0.498178 
0.587502 
0.669645 
0.743426 
0.807772 
0.861734 
0.904500 
0.935409 
0.953959 
0.959820 
0.952833 
0.933019 
0.900575 
0.855876 
0.799468 
0.732063 
0.654527 
0.567874 
0.473243 
0.371893 
0.265179 
0.154534 
0.041453 
-0.072534 
-0.185878 
-0.297034 
-0.404484 
-0.506759 
-0.602457 
-0.690265 
-0.768976 
-0.837506 
-0.894914 
-0.940407 
-0.973359 
-0.993315 
-1.000000 
-0.993321 
-0.973372 
-0.940426 
-0.894938 
-0.837536 
-0.769010 
-0.690304 
-0.602500 
-0.506806 
-0.404533 
-0.297085 
-0.185930 
-0.072588 
0.041399 
0.154482 
0.265128 
0.371844 
0.473197 
0.567831 
0.654489 
0.732029 
0.799439 
0.855852 
0.900557 
0.933006 
0.952827 
0.959820 
0.953965 
0.935420 
0.904517 
0.861757 
0.807800 
0.743458 
0.669681 
0.587542 
0.498221 
0.402991 
0.303195 
0.200227 
0.095517 
-0.009496 
-0.113380 
-0.214732 
-0.312197 
-0.404487 
-0.490398 
-0.568826 
-0.638784 
-0.699412 
-0.749989 
-0.789942 
-0.818851 
-0.836458 
-0.842662 
-0.837524 
-0.821262 
-0.794248 
-0.756998 
-0.710163 
-0.654523 
-0.590968 
-0.520487 
-0.444152 
-0.363103 
-0.278525 
-0.191641 
-0.103681 
-0.015875 
0.070570 
0.154488 
0.234766 
0.310362 
0.380319 
0.443778 
0.499987 
0.548311 
0.588239 
0.619390 
0.641517 
0.654506 
0.658377 
0.653280 
0.639490 
0.617405 
0.587530 
0.550474 
0.506935 
0.457692 
0.403584 
0.345507 
0.284387 
0.221177 
0.156833 
0.092305 
0.028520 
-0.033629 
-0.093301 
-0.149712 
-0.202152 
-0.249988 
-0.292679 
-0.329774 
-0.360925 
-0.385884 
-0.404505 
-0.416746 
-0.422667 
-0.422423 
-0.416260 
-0.404512 
-0.387588 
-0.365967 
-0.340184 
-0.310826 
-0.278513 
-0.243892 
-0.207624 
-0.170372 
-0.132786 
-0.095501 
-0.059117 
-0.024194 
0.008755 
0.039277 
0.066980 
0.091543 
0.112714 
0.130319 
0.144258 
0.154506 
0.161115 
0.164203 
0.163958 
0.160627 
0.154510 
0.145957 
0.135354 
0.123117 
0.109681 
0.095495 
0.081007 
0.066656 
0.052864 
0.040027 
0.028507 
0.018622 
0.010642 
0.004783 
0.001204 
0.000000 
0.001203 
0.004781 
0.010638 
0.018617 
0.028501 
0.040021 
0.052857 
0.066648 
0.080999 
0.095488 
0.109674 
0.123110 
0.135348 
0.145952 
0.154507 
0.160624 
0.163957 
0.164204 
0.161117 
0.154511 
0.144264 
0.130327 
0.112724 
0.091555 
0.066994 
0.039293 
0.008772 
-0.024176 
-0.059098 
-0.095481 
-0.132766 
-0.170352 
-0.207605 
-0.243873 
-0.278495 
-0.310809 
-0.340170 
-0.365954 
-0.387578 
-0.404505 
-0.416255 
-0.422421 
-0.422669 
-0.416751 
-0.404513 
-0.385895 
-0.360940 
-0.329792 
-0.292700 
-0.250012 
-0.202179 
-0.149741 
-0.093332 
-0.033662 
0.028487 
0.092271 
0.156798 
0.221143 
0.284354 
0.345475 
0.403555 
0.457664 
0.506911 
0.550452 
0.587512 
0.617391 
0.639481 
0.653275 
0.658377 
0.654511 
0.641527 
0.619404 
0.588257 
0.548334 
0.500015 
0.443810 
0.380355 
0.310400 
0.234807 
0.154532 
0.070616 
-0.015829 
-0.103634 
-0.191594 
-0.278480 
-0.363059 
-0.444111 
-0.520448 
-0.590933 
-0.654492 
-0.710136 
-0.756975 
-0.794231 
-0.821251 
-0.837518 
-0.842662 
-0.836464 
-0.818864 
-0.789960 
-0.750013 
-0.699442 
-0.638819 
-0.568865 
-0.490441 
-0.404534 
-0.312247 
-0.214785 
-0.113434 
-0.009551 
0.095461 
0.200172 
0.303141 
0.402939 
0.498172 
0.587496 
0.669640 
0.743422 
0.807769 
0.861731 
0.904498 
0.935407 
0.953958 
0.959820 
0.952834 
0.933020 
0.900577 
0.855879 
0.799472 
0.732067 
0.654533 
0.567879 
0.473249 
0.371900 
0.265186 
0.154541 
0.041460 
-0.072527 
-0.185871 
-0.297027 
-0.404478 
-0.506753 
-0.602452 
-0.690260 
-0.768971 
-0.837503 
-0.894911 
-0.940405 
-0.973358 
-0.993314 
-1.000000 
-0.993322 
-0.973373 
-0.940428 
-0.894941 
-0.837540 
-0.769015 
-0.690309 
-0.602506 
-0.506812 
-0.404540 
-0.297092 
-0.185937 
-0.072595 
0.041392 
0.154475 
0.265121 
0.371838 
0.473191 
0.567825 
0.654484 
0.732024 
0.799435 
0.855849 
0.900554 
0.933005 
0.952826 
0.959820 
0.953966 
0.935422 
0.904520 
0.861760 
0.807804 
0.743463 
0.669686 
0.587547 
0.498227 
0.402997 
0.303201 
0.200234 
0.095524 
-0.009489 
-0.113374 
-0.214726 
-0.312191 
-0.404481 
-0.490392 
-0.568821 
-0.638780 
-0.699409 
-0.749986 
-0.789939 
-0.818850 
-0.836457 
-0.842662 
-0.837525 
-0.821264 
-0.794250 
-0.757000 
-0.710166 
-0.654527 
-0.590972 
-0.520492 
-0.444157 
-0.363108 
-0.278531 
-0.191646 
-0.103686 
-0.015880 
0.070565 
0.154483 
0.234761 
0.310357 
0.380315 
0.443774 
0.499984 
0.548308 
0.588236 
0.619388 
0.641516 
0.654506 
0.658377 
0.653280 
0.639491 
0.617406 
0.587532 
0.550476 
0.506938 
0.457695 
0.403588 
0.345510 
0.284391 
0.221181 
0.156837 
0.092309 
0.028524 
-0.033626 
-0.093297 
-0.149709 
-0.202149 
-0.249986 
-0.292676 
-0.329772 
-0.360923 
-0.385882 
-0.404504 
-0.416746 
-0.422667 
-0.422423 
-0.416261 
-0.404513 
-0.387589 
-0.365968 
-0.340186 
-0.310828 
-0.278515 
-0.243894 
-0.207627 
-0.170374 
-0.132789 
-0.095503 
-0.059119 
-0.024197 
0.008753 
0.039275 
0.066979 
0.091541 
0.112713 
0.130318 
0.144257 
0.154506 
0.161114 
0.164203 
0.163958 
0.160627 
0.154511 
0.145958 
0.135355 
0.123117 
0.109682 
0.095496 
0.081008 
0.066657 
0.052865 
0.040028 
0.028508 
0.018622 
0.010642 
0.004784 
0.001204 
0.000000 
0.001203 
0.004781 
0.010638 
0.018616 
0.028501 
0.040020 
0.052856 
0.066647 
0.080998 
0.095487 
0.109673 
0.123109 
0.135347 
0.145952 
0.154506 
0.160624 
0.163957 
0.164204 
0.161118 
0.154511 
0.144265 
0.130328 
0.112726 
0.091556 
0.066996 
0.039294 
0.008774 
-0.024174 
-0.059096 
-0.095479 
-0.132764 
-0.170349 
-0.207603 
-0.243871 
-0.278493 
-0.310807 
-0.340168 
-0.365953 
-0.387577 
-0.404504 
-0.416255 
-0.422421 
-0.422669 
-0.416752 
-0.404514 
-0.385896 
-0.360942 
-0.329795 
-0.292703 
-0.250015 
-0.202182 
-0.149745 
-0.093336 
-0.033666 
0.028483 
0.092267 
0.156794 
0.221139 
0.284350 
0.345471 
0.403551 
0.457661 
0.506908 
0.550450 
0.587510 
0.617389 
0.639480 
0.653274 
0.658377 
0.654511 
0.641528 
0.619406 
0.588260 
0.548337 
0.500018 
0.443814 
0.380359 
0.310405 
0.234812 
0.154537 
0.070621 
-0.015823 
-0.103629 
-0.191589 
-0.278475 
-0.363053 
-0.444106 
-0.520444 
-0.590928 
-0.654488 
-0.710133 
-0.756973 
-0.794229 
-0.821250 
-0.837517 
-0.842662 
-0.836465 
-0.818865 
-0.789962 
-0.750016 
-0.699445 
-0.638823 
-0.568870 
-0.490446 
-0.404540 
-0.312253 
-0.214791 
-0.113441 
-0.009558 
0.095455 
0.200165 
0.303134 
0.402933 
0.498167 
0.587491 
0.669635 
0.743417 
0.807765 
0.861728 
0.904495 
0.935406 
0.953958 
0.959820 
0.952835 
0.933022 
0.900580 
0.855882 
0.799476 
0.732072 
0.654538 
0.567885 
0.473255 
0.371906 
0.265193 
0.154548 
0.041467 
-0.072520 
-0.185864 
-0.297020 
-0.404471 
-0.506747 
-0.602446 
-0.690255 
-0.768966 
-0.837499 
-0.894908 
-0.940402 
-0.973356 
-0.993314 
-1.000000 
-0.993323 
-0.973375 
-0.940431 
-0.894945 
-0.837544 
-0.769019 
-0.690314 
-0.602512 
-0.506818 
-0.404546 
-0.297099 
-0.185944 
-0.072602 
0.041385 
0.154468 
0.265114 
0.371831 
0.473185 
0.567820 
0.654479 
0.732020 
0.799431 
0.855846 
0.900552 
0.933003 
0.952825 
0.959820 
0.953967 
0.935423 
0.904522 
0.861763 
0.807807 
0.743467 
0.669691 
0.587553 
0.498233 
0.403004 
0.303207 
0.200240 
0.095530 
-0.009483 
-0.113367 
-0.214720 
-0.312185 
-0.404476 
-0.490387 
-0.568817 
-0.638776 
-0.699405 
-0.749983 
-0.789937 
-0.818848 
-0.836456 
-0.842662 
-0.837525 
-0.821265 
-0.794252 
-0.757003 
-0.710170 
-0.654531 
-0.590977 
-0.520496 
-0.444162 
-0.363113 
-0.278536 
-0.191652 
-0.103692 
-0.015886 
0.070560 
0.154478 
0.234756 
0.310352 
0.380311 
0.443771 
0.499980 
0.548305 
0.588234 
0.619387 
0.641515 
0.654505 
0.658377 
0.653281 
0.639493 
0.617408 
0.587534 
0.550479 
0.506941 
0.457698 
0.403592 
0.345514 
0.284395 
0.221185 
0.156841 
0.092313 
0.028528 
-0.033622 
-0.093294 
-0.149706 
-0.202146 
-0.249983 
-0.292674 
-0.329770 
-0.360922 
-0.385881 
-0.404503 
-0.416745 
-0.422667 
-0.422423 
-0.416261 
-0.404514 
-0.387591 
-0.365970 
-0.340188 
-0.310830 
-0.278517 
-0.243897 
-0.207629 
-0.170376 
-0.132791 
-0.095506 
-0.059121 
-0.024199 
0.008751 
0.039273 
0.066977 
0.091540 
0.112712 
0.130317 
0.144256 
0.154505 
0.161114 
0.164203 
0.163958 
0.160627 
0.154511 
0.145959 
0.135356 
0.123118 
0.109683 
0.095497 
0.081009 
0.066657 
0.052866 
0.040029 
0.028508 
0.018623 
0.010643 
0.004784 
0.001205 
0.000000 
0.001203 
0.004780 
0.010637 
0.018616 
0.028500 
0.040019 
0.052855 
0.066646 
0.080997 
0.095486 
0.109672 
0.123108 
0.135347 
0.145951 
0.154506 
0.160624 
0.163957 
0.164204 
0.161118 
0.154512 
0.144265 
0.130329 
0.112727 
0.091558 
0.066998 
0.039296 
0.008776 
-0.024172 
-0.059093 
-0.095477 
-0.132762 
-0.170347 
-0.207600 
-0.243869 
-0.278491 
-0.310806 
-0.340166 
-0.365951 
-0.387576 
-0.404503 
-0.416254 
-0.422421 
-0.422669 
-0.416752 
-0.404515 
-0.385898 
-0.360944 
-0.329797 
-0.292705 
-0.250018 
-0.202185 
-0.149748 
-0.093339 
-0.033669 
0.028479 
0.092263 
0.156790 
0.221135 
0.284346 
0.345467 
0.403548 
0.457658 
0.506905 
0.550447 
0.587508 
0.617388 
0.639479 
0.653273 
0.658377 
0.654512 
0.641529 
0.619408 
0.588262 
0.548340 
0.500021 
0.443817 
0.380363 
0.310409 
0.234817 
0.154542 
0.070626 
-0.015818 
-0.103623 
-0.191583 
-0.278469 
-0.363048 
-0.444101 
-0.520439 
-0.590924 
-0.654484 
-0.710130 
-0.756970 
-0.794227 
-0.821248 
-0.837517 
-0.842662 
-0.836466 
-0.818866 
-0.789964 
-0.750019 
-0.699449 
-0.638827 
-0.568875 
-0.490451 
-0.404545 
-0.312259 
-0.214797 
-0.113447 
-0.009565 
0.095448 
0.200159 
0.303128 
0.402927 
0.498161 
0.587486 
0.669630 
0.743413 
0.807761 
0.861725 
0.904493 
0.935404 
0.953957 
0.959820 
0.952836 
0.933024 
0.900582 
0.855885 
0.799479 
0.732076 
0.654543 
0.567891 
0.473261 
0.371913 
0.265199 
0.154555 
0.041474 
-0.072513 
-0.185857 
-0.297013 
-0.404464 
-0.506741 
-0.602440 
-0.690249 
-0.768962 
-0.837495 
-0.894904 
-0.940400 
-0.973354 
-0.993313 
-1.000000 
-0.993324 
-0.973377 
-0.940433 
-0.894948 
-0.837548 
-0.769024 
-0.690320 
-0.602518 
-0.506824 
-0.404553 
-0.297105 
-0.185951 
-0.072609 
0.041378 
0.154461 
0.265108 
0.371825 
0.473179 
0.567814 
0.654473 
0.732015 
0.799427 
