25.338998 
25.463950 
25.844325 
26.497390 
27.454224 
28.763786 
30.499972 
32.773643 
35.753793 
39.706392 
45.070453 
52.620707 
63.857089 
82.103905 
116.478890 
204.217792 
883.294664 
371.378247 
152.352310 
95.520295 
69.453993 
54.519676 
44.856275 
38.101043 
33.118637 
29.295855 
26.272501 
23.823221 
21.799838 
20.100912 
18.654736 
17.409208 
16.325518 
15.374223 
14.532588 
13.782764 
13.110570 
12.504540 
11.955415 
11.455530 
10.998547 
10.579143 
10.192900 
9.836009 
9.505227 
9.197791 
8.911306 
8.643674 
8.393105 
8.157990 
7.936974 
7.728748 
7.532304 
7.346610 
7.170830 
7.004213 
6.846002 
6.695597 
6.552464 
6.416042 
6.285884 
6.161597 
6.042769 
5.929046 
5.820111 
5.715691 
5.615510 
5.519280 
5.426815 
5.337890 
5.252315 
5.169917 
5.090496 
5.013932 
4.940059 
4.868774 
4.799905 
4.733352 
4.669038 
4.606812 
4.546623 
4.488360 
4.431940 
4.377285 
4.324326 
4.272998 
4.223217 
4.174944 
4.128102 
4.082652 
4.038541 
3.995713 
3.954145 
3.913765 
3.874543 
3.836450 
3.799443 
3.763509 
3.728580 
3.694649 
3.661686 
3.629672 
3.598579 
3.568359 
3.539035 
3.510561 
3.482927 
3.456108 
3.430086 
3.404882 
3.380441 
3.356774 
3.333877 
3.311745 
3.290333 
3.269676 
3.249754 
3.230596 
3.212163 
3.194476 
3.177534 
3.161380 
3.145970 
3.131335 
3.117513 
3.104502 
3.092323 
3.081019 
3.070588 
3.061109 
3.052605 
3.045119 
3.038720 
3.033468 
3.029432 
3.026709 
3.025416 
3.025675 
3.027592 
3.031388 
3.037219 
3.045357 
3.056070 
3.069707 
3.086677 
3.107531 
3.132875 
3.163521 
3.200494 
3.245135 
3.299144 
3.364878 
3.445482 
3.545452 
3.671252 
3.832643 
4.045041 
4.334206 
4.746848 
5.376750 
6.444509 
8.618538 
15.314313 
509.487215 
10.724551 
4.559905 
2.549574 
1.634017 
1.199564 
1.029490 
1.000883 
1.035117 
1.091034 
1.150747 
1.207376 
1.258685 
1.304281 
1.344448 
1.379754 
1.410746 
1.437992 
1.462006 
1.483191 
1.501919 
1.518499 
1.533199 
1.546255 
1.557868 
1.568200 
1.577406 
1.585591 
1.592898 
1.599409 
1.605175 
1.610342 
1.614914 
1.618970 
1.622580 
1.625752 
1.628540 
1.631006 
1.633166 
1.635017 
1.636660 
1.638058 
1.639256 
1.640255 
1.641095 
1.641778 
1.642328 
1.642765 
1.643088 
1.643322 
1.643445 
1.643522 
1.643507 
1.643447 
1.643326 
1.643170 
1.642970 
1.642735 
1.642492 
1.642203 
1.641917 
1.641612 
1.641303 
1.640998 
1.640686 
1.640380 
1.640109 
1.639824 
1.639576 
1.639307 
1.639095 
1.638885 
1.638719 
1.638569 
1.638465 
1.638387 
1.638339 
1.638335 
1.638369 
1.638466 
1.638569 
1.638743 
1.638951 
1.639211 
1.639517 
1.639884 
1.640287 
1.640766 
1.641289 
1.641886 
1.642510 
1.643224 
1.643983 
1.644816 
1.645719 
1.646679 
1.647706 
1.648806 
1.649966 
1.651209 
1.652528 
1.653915 
1.655373 
1.656912 
1.658527 
1.660231 
1.662017 
1.663897 
1.665842 
1.667871 
1.669998 
1.672220 
1.674521 
1.676918 
1.679431 
1.682015 
1.684728 
1.687508 
1.690391 
1.693390 
1.696500 
1.699731 
1.703037 
1.706468 
1.710018 
1.713701 
1.717481 
1.721394 
1.725427 
1.729591 
1.733875 
1.738306 
1.742867 
1.747560 
1.752390 
1.757380 
1.762498 
1.767782 
1.773204 
1.778803 
1.784564 
1.790464 
1.796556 
1.802814 
1.809262 
1.815884 
1.822685 
1.829683 
1.836870 
1.844271 
1.851879 
1.859679 
1.867705 
1.875960 
1.884432 
1.893160 
1.902118 
1.911331 
1.920792 
1.930533 
1.940542 
1.950820 
1.961409 
1.972260 
1.983438 
1.994937 
2.006756 
2.018923 
2.031425 
2.044295 
2.057536 
2.071170 
2.085200 
2.099650 
2.114501 
2.129820 
2.145596 
2.161826 
2.178581 
2.195837 
2.213618 
2.231973 
2.250887 
2.270421 
2.290565 
2.311357 
2.332841 
2.355022 
2.377940 
2.401655 
2.426162 
2.451518 
2.477748 
2.504935 
2.533049 
2.562217 
2.592438 
2.623787 
2.656317 
2.690108 
2.725205 
2.761691 
2.799641 
2.839130 
2.880258 
2.923127 
2.967833 
3.014508 
3.063234 
3.114178 
3.167508 
3.223327 
3.281842 
3.343241 
3.407724 
3.475530 
3.546918 
3.622171 
3.701599 
3.785499 
3.874301 
3.968437 
4.068366 
4.174640 
4.287852 
4.408704 
4.537980 
4.676564 
4.825513 
4.985945 
5.159276 
5.347105 
5.551271 
5.773996 
6.017900 
6.286116 
6.582404 
6.911438 
7.278863 
7.691811 
8.159183 
8.692465 
9.306583 
10.021303 
10.863473 
11.870375 
13.095399 
14.617867 
16.560800 
19.125890 
22.668443 
27.877906 
36.291362 
52.174385 
93.405646 
460.103183 
155.496585 
66.194099 
41.920755 
30.606246 
24.060249 
19.793400 
16.792227 
14.566568 
12.850486 
11.487113 
10.377989 
9.458196 
8.683186 
8.021341 
7.449687 
6.951014 
6.512283 
6.123343 
5.776228 
5.464613 
5.183356 
4.928265 
4.695931 
4.483458 
4.288433 
4.108857 
3.943001 
3.789364 
3.646693 
3.513871 
3.389979 
3.274154 
3.165661 
3.063862 
2.968171 
2.878116 
2.793218 
2.713072 
2.637317 
2.565652 
2.497765 
2.433396 
2.372287 
2.314253 
2.259086 
2.206581 
2.156594 
2.108993 
2.063607 
2.020330 
1.979042 
1.939630 
1.901996 
1.866061 
1.831730 
1.798941 
1.767595 
1.737642 
1.709037 
1.681708 
1.655578 
1.630627 
1.606811 
1.584082 
1.562385 
1.541693 
1.521986 
1.503215 
1.485360 
1.468395 
1.452274 
1.437003 
1.422536 
1.408877 
1.395985 
1.383841 
1.372432 
1.361758 
1.351796 
1.342534 
1.333957 
1.326055 
1.318824 
1.312239 
1.306314 
1.301023 
1.296374 
1.292349 
1.288967 
1.286181 
1.284037 
1.282497 
1.281582 
