0.500000 
0.548322 
0.588247 
0.619397 
0.641522 
0.654508 
0.658377 
0.653277 
0.639486 
0.617398 
0.587521 
0.550463 
0.506924 
0.457679 
0.403570 
0.345492 
0.284371 
0.221160 
0.156816 
0.092288 
0.028504 
-0.033645 
-0.093316 
-0.149726 
-0.202165 
-0.250000 
-0.292689 
-0.329783 
-0.360932 
-0.385889 
-0.404508 
-0.416749 
-0.422668 
-0.422422 
-0.416258 
-0.404508 
-0.387583 
-0.365961 
-0.340177 
-0.310818 
-0.278504 
-0.243883 
-0.207615 
-0.170362 
-0.132777 
-0.095492 
-0.059108 
-0.024186 
0.008763 
0.039285 
0.066987 
0.091549 
0.112719 
0.130323 
0.144261 
0.154508 
0.161116 
0.164203 
0.163958 
0.160625 
0.154508 
0.145955 
0.135351 
0.123113 
0.109678 
0.095492 
0.081003 
0.066652 
0.052860 
0.040024 
0.028504 
0.018619 
0.010640 
0.004782 
0.001204 
0.000000 
0.001204 
0.004782 
0.010640 
0.018619 
0.028504 
0.040024 
0.052860 
0.066652 
0.081003 
0.095492 
0.109678 
0.123113 
0.135351 
0.145955 
0.154508 
0.160625 
0.163958 
0.164203 
0.161116 
0.154508 
0.144261 
0.130323 
0.112719 
0.091549 
0.066987 
0.039285 
0.008763 
-0.024186 
-0.059108 
-0.095492 
-0.132777 
-0.170362 
-0.207615 
-0.243883 
-0.278504 
-0.310818 
-0.340177 
-0.365961 
-0.387583 
-0.404508 
-0.416258 
-0.422422 
-0.422668 
-0.416749 
-0.404508 
-0.385889 
-0.360932 
-0.329783 
-0.292689 
-0.250000 
-0.202165 
-0.149726 
-0.093316 
-0.033645 
0.028504 
0.092288 
0.156816 
0.221160 
0.284371 
0.345492 
0.403570 
0.457679 
0.506924 
0.550463 
0.587521 
0.617398 
0.639486 
0.653277 
0.658377 
0.654508 
0.641522 
0.619397 
0.588247 
0.548322 
0.500000 
0.443793 
0.380336 
0.310380 
0.234785 
0.154508 
0.070592 
-0.015853 
-0.103659 
-0.191619 
-0.278504 
-0.363082 
-0.444133 
-0.520469 
-0.590952 
-0.654508 
-0.710151 
-0.756987 
-0.794240 
-0.821257 
-0.837521 
-0.842662 
-0.836461 
-0.818857 
-0.789950 
-0.750000 
-0.699426 
-0.638800 
-0.568844 
-0.490418 
-0.404508 
-0.312220 
-0.214756 
-0.113405 
-0.009521 
0.095492 
0.200202 
0.303170 
0.402968 
0.498199 
0.587521 
0.669662 
0.743442 
0.807786 
0.861745 
0.904508 
0.935414 
0.953962 
0.959820 
0.952830 
0.933013 
0.900566 
0.855864 
0.799454 
0.732046 
0.654508 
0.567853 
0.473220 
0.371869 
0.265154 
0.154508 
0.041426 
-0.072561 
-0.185904 
-0.297059 
-0.404508 
-0.506782 
-0.602479 
-0.690284 
-0.768993 
-0.837521 
-0.894926 
-0.940417 
-0.973365 
-0.993318 
-1.000000 
-0.993318 
-0.973365 
-0.940417 
-0.894926 
-0.837521 
-0.768993 
-0.690284 
-0.602479 
-0.506782 
-0.404508 
-0.297059 
-0.185904 
-0.072561 
0.041426 
0.154508 
0.265154 
0.371869 
0.473220 
0.567853 
0.654508 
0.732046 
0.799454 
0.855864 
0.900566 
0.933013 
0.952830 
0.959820 
0.953962 
0.935414 
0.904508 
0.861745 
0.807786 
0.743442 
0.669662 
0.587521 
0.498199 
0.402968 
0.303170 
0.200202 
0.095492 
-0.009521 
-0.113405 
-0.214756 
-0.312220 
-0.404508 
-0.490418 
-0.568844 
-0.638800 
-0.699426 
-0.750000 
-0.789950 
-0.818857 
-0.836461 
-0.842662 
-0.837521 
-0.821257 
-0.794240 
-0.756987 
-0.710151 
-0.654508 
-0.590952 
-0.520469 
-0.444133 
-0.363082 
-0.278504 
-0.191619 
-0.103659 
-0.015853 
0.070592 
0.154508 
0.234785 
0.310380 
0.380336 
0.443793 
0.500000 
0.548322 
0.588247 
0.619397 
0.641522 
0.654508 
0.658377 
0.653277 
0.639486 
0.617398 
0.587521 
0.550463 
0.506924 
0.457679 
0.403570 
0.345492 
0.284371 
0.221160 
0.156816 
0.092288 
0.028504 
-0.033645 
-0.093316 
-0.149726 
-0.202165 
-0.250000 
-0.292689 
-0.329783 
-0.360932 
-0.385889 
-0.404508 
-0.416749 
-0.422668 
-0.422422 
-0.416258 
-0.404508 
-0.387583 
-0.365961 
-0.340177 
-0.310818 
-0.278504 
-0.243883 
-0.207615 
-0.170362 
-0.132777 
-0.095492 
-0.059108 
-0.024186 
0.008763 
0.039285 
0.066987 
0.091549 
0.112719 
0.130323 
0.144261 
0.154508 
0.161116 
0.164203 
0.163958 
0.160625 
0.154508 
0.145955 
0.135351 
0.123113 
0.109678 
0.095492 
0.081003 
0.066652 
0.052860 
0.040024 
0.028504 
0.018619 
0.010640 
0.004782 
0.001204 
0.000000 
0.001204 
0.004782 
0.010640 
0.018619 
0.028504 
0.040024 
0.052860 
0.066652 
0.081003 
0.095492 
0.109678 
0.123113 
0.135351 
0.145955 
0.154508 
0.160625 
0.163958 
0.164203 
0.161116 
0.154508 
0.144261 
0.130323 
0.112719 
0.091549 
0.066987 
0.039285 
0.008763 
-0.024186 
-0.059108 
-0.095492 
-0.132777 
-0.170362 
-0.207615 
-0.243883 
-0.278504 
-0.310818 
-0.340177 
-0.365961 
-0.387583 
-0.404508 
-0.416258 
-0.422422 
-0.422668 
-0.416749 
-0.404508 
-0.385889 
-0.360932 
-0.329783 
-0.292689 
-0.250000 
-0.202165 
-0.149726 
-0.093316 
-0.033645 
0.028504 
0.092288 
0.156816 
0.221160 
0.284371 
0.345492 
0.403570 
0.457679 
0.506924 
0.550463 
0.587521 
0.617398 
0.639486 
0.653277 
0.658377 
0.654508 
0.641522 
0.619397 
0.588247 
0.548322 
0.500000 
0.443793 
0.380336 
0.310380 
0.234785 
0.154508 
0.070592 
-0.015853 
-0.103659 
-0.191619 
-0.278504 
-0.363082 
-0.444133 
-0.520469 
-0.590952 
-0.654508 
-0.710151 
-0.756987 
-0.794240 
-0.821257 
-0.837521 
-0.842662 
-0.836461 
-0.818857 
-0.789950 
-0.750000 
-0.699426 
-0.638800 
-0.568844 
-0.490418 
-0.404508 
-0.312220 
-0.214756 
-0.113405 
-0.009521 
0.095492 
0.200202 
0.303170 
0.402968 
0.498199 
0.587521 
0.669662 
0.743442 
0.807786 
0.861745 
0.904508 
0.935414 
0.953962 
0.959820 
0.952830 
0.933013 
0.900566 
0.855864 
0.799454 
0.732046 
0.654508 
0.567853 
0.473220 
0.371869 
0.265154 
0.154508 
0.041426 
-0.072561 
-0.185904 
-0.297059 
-0.404508 
-0.506782 
-0.602479 
-0.690284 
-0.768993 
-0.837521 
-0.894926 
-0.940417 
-0.973365 
-0.993318 
-1.000000 
-0.993318 
-0.973365 
-0.940417 
-0.894926 
-0.837521 
-0.768993 
-0.690284 
-0.602479 
-0.506782 
-0.404508 
-0.297059 
-0.185904 
-0.072561 
0.041426 
0.154508 
0.265154 
0.371869 
0.473220 
0.567853 
0.654508 
0.732046 
0.799454 
0.855864 
0.900566 
0.933013 
0.952830 
0.959820 
0.953962 
0.935414 
0.904508 
0.861745 
0.807786 
0.743442 
0.669662 
0.587521 
0.498199 
0.402968 
0.303170 
0.200202 
0.095492 
-0.009521 
-0.113405 
-0.214756 
-0.312220 
-0.404508 
-0.490418 
-0.568844 
-0.638800 
-0.699426 
-0.750000 
-0.789950 
-0.818857 
-0.836461 
-0.842662 
-0.837521 
-0.821257 
-0.794240 
-0.756987 
-0.710151 
-0.654508 
-0.590952 
-0.520469 
-0.444133 
-0.363082 
-0.278504 
-0.191619 
-0.103659 
-0.015853 
0.070592 
0.154508 
0.234785 
0.310380 
0.380336 
0.443793 
0.500000 
0.548322 
0.588247 
0.619397 
0.641522 
0.654508 
0.658377 
0.653277 
0.639486 
0.617398 
0.587521 
0.550463 
0.506924 
0.457679 
0.403570 
0.345492 
0.284371 
0.221160 
0.156816 
0.092288 
0.028504 
-0.033645 
-0.093316 
-0.149726 
-0.202165 
-0.250000 
-0.292689 
-0.329783 
-0.360932 
-0.385889 
-0.404508 
-0.416749 
-0.422668 
-0.422422 
-0.416258 
-0.404508 
-0.387583 
-0.365961 
-0.340177 
-0.310818 
-0.278504 
-0.243883 
-0.207615 
-0.170362 
-0.132777 
-0.095492 
-0.059108 
-0.024186 
0.008763 
0.039285 
0.066987 
0.091549 
0.112719 
0.130323 
0.144261 
0.154508 
0.161116 
0.164203 
0.163958 
0.160625 
0.154508 
0.145955 
0.135351 
0.123113 
0.109678 
0.095492 
0.081003 
0.066652 
0.052860 
0.040024 
0.028504 
0.018619 
0.010640 
0.004782 
0.001204 
0.000000 
0.001204 
0.004782 
0.010640 
0.018619 
0.028504 
0.040024 
0.052860 
0.066652 
0.081003 
0.095492 
0.109678 
0.123113 
0.135351 
0.145955 
0.154508 
0.160625 
0.163958 
0.164203 
0.161116 
0.154508 
0.144261 
0.130323 
0.112719 
0.091549 
0.066987 
0.039285 
0.008763 
-0.024186 
-0.059108 
-0.095492 
-0.132777 
-0.170362 
-0.207615 
-0.243883 
-0.278504 
-0.310818 
-0.340177 
-0.365961 
-0.387583 
-0.404508 
-0.416258 
-0.422422 
-0.422668 
-0.416749 
-0.404508 
-0.385889 
-0.360932 
-0.329783 
-0.292689 
-0.250000 
-0.202165 
-0.149726 
-0.093316 
-0.033645 
0.028504 
0.092288 
0.156816 
0.221160 
0.284371 
0.345492 
0.403570 
0.457679 
0.506924 
0.550463 
0.587521 
0.617398 
0.639486 
0.653277 
0.658377 
0.654508 
0.641522 
0.619397 
0.588247 
0.548322 
0.500000 
0.443793 
0.380336 
0.310380 
0.234785 
0.154508 
0.070592 
-0.015853 
-0.103659 
-0.191619 
-0.278504 
-0.363082 
-0.444133 
-0.520469 
-0.590952 
-0.654508 
-0.710151 
-0.756987 
-0.794240 
-0.821257 
-0.837521 
-0.842662 
-0.836461 
-0.818857 
-0.789950 
-0.750000 
-0.699426 
-0.638800 
-0.568844 
-0.490418 
-0.404508 
-0.312220 
-0.214756 
-0.113405 
-0.009521 
0.095492 
0.200202 
0.303170 
0.402968 
0.498199 
0.587521 
0.669662 
0.743442 
0.807786 
0.861745 
0.904508 
0.935414 
0.953962 
0.959820 
0.952830 
0.933013 
0.900566 
0.855864 
0.799454 
0.732046 
0.654508 
0.567853 
0.473220 
0.371869 
0.265154 
0.154508 
0.041426 
-0.072561 
-0.185904 
-0.297059 
-0.404508 
-0.506782 
-0.602479 
-0.690284 
-0.768993 
-0.837521 
-0.894926 
-0.940417 
-0.973365 
-0.993318 
-1.000000 
-0.993318 
-0.973365 
-0.940417 
-0.894926 
-0.837521 
-0.768993 
-0.690284 
-0.602479 
-0.506782 
-0.404508 
-0.297059 
-0.185904 
-0.072561 
0.041426 
0.154508 
0.265154 
0.371869 
0.473220 
0.567853 
0.654508 
0.732046 
0.799454 
0.855864 
0.900566 
0.933013 
0.952830 
0.959820 
0.953962 
0.935414 
0.904508 
0.861745 
0.807786 
0.743442 
0.669662 
0.587521 
0.498199 
0.402968 
0.303170 
0.200202 
0.095492 
-0.009521 
-0.113405 
-0.214756 
-0.312220 
-0.404508 
-0.490418 
-0.568844 
-0.638800 
-0.699426 
-0.750000 
-0.789950 
-0.818857 
-0.836461 
-0.842662 
-0.837521 
-0.821257 
-0.794240 
-0.756987 
-0.710151 
-0.654508 
-0.590952 
-0.520469 
-0.444133 
-0.363082 
-0.278504 
-0.191619 
-0.103659 
-0.015853 
0.070592 
0.154508 
0.234785 
0.310380 
0.380336 
0.443793 
0.500000 
0.548322 
0.588247 
0.619397 
0.641522 
0.654508 
0.658377 
0.653277 
0.639486 
0.617398 
0.587521 
0.550463 
0.506924 
0.457679 
0.403570 
0.345492 
0.284371 
0.221160 
0.156816 
0.092288 
0.028504 
-0.033645 
-0.093316 
-0.149726 
-0.202165 
-0.250000 
-0.292689 
-0.329783 
-0.360932 
-0.385889 
-0.404508 
-0.416749 
-0.422668 
-0.422422 
-0.416258 
-0.404508 
-0.387583 
-0.365961 
-0.340177 
-0.310818 
-0.278504 
-0.243883 
-0.207615 
-0.170362 
-0.132777 
-0.095492 
-0.059108 
-0.024186 
0.008763 
0.039285 
0.066987 
0.091549 
0.112719 
0.130323 
0.144261 
0.154508 
0.161116 
0.164203 
0.163958 
0.160625 
0.154508 
0.145955 
0.135351 
0.123113 
0.109678 
0.095492 
0.081003 
0.066652 
0.052860 
0.040024 
0.028504 
0.018619 
0.010640 
0.004782 
0.001204 
0.000000 
0.001204 
0.004782 
0.010640 
0.018619 
0.028504 
0.040024 
0.052860 
0.066652 
0.081003 
0.095492 
0.109678 
0.123113 
0.135351 
0.145955 
0.154508 
0.160625 
0.163958 
0.164203 
0.161116 
0.154508 
0.144261 
0.130323 
0.112719 
0.091549 
0.066987 
0.039285 
0.008763 
-0.024186 
-0.059108 
-0.095492 
-0.132777 
-0.170362 
-0.207615 
-0.243883 
-0.278504 
-0.310818 
-0.340177 
-0.365961 
-0.387583 
-0.404508 
-0.416258 
-0.422422 
-0.422668 
-0.416749 
-0.404508 
-0.385889 
-0.360932 
-0.329783 
-0.292689 
-0.250000 
-0.202165 
-0.149726 
-0.093316 
-0.033645 
0.028504 
0.092288 
0.156816 
0.221160 
0.284371 
0.345492 
0.403570 
0.457679 
0.506924 
0.550463 
0.587521 
0.617398 
0.639486 
0.653277 
0.658377 
0.654508 
0.641522 
0.619397 
0.588247 
0.548322 
0.500000 
0.443793 
0.380336 
0.310380 
0.234785 
0.154508 
0.070592 
-0.015853 
-0.103659 
-0.191619 
-0.278504 
-0.363082 
-0.444133 
-0.520469 
-0.590952 
-0.654508 
-0.710151 
-0.756987 
-0.794240 
-0.821257 
-0.837521 
-0.842662 
-0.836461 
-0.818857 
-0.789950 
-0.750000 
-0.699426 
-0.638800 
-0.568844 
-0.490418 
-0.404508 
-0.312220 
-0.214756 
-0.113405 
-0.009521 
0.095492 
0.200202 
0.303170 
0.402968 
0.498199 
0.587521 
0.669662 
0.743442 
0.807786 
0.861745 
0.904508 
0.935414 
0.953962 
0.959820 
0.952830 
0.933013 
0.900566 
0.855864 
0.799454 
0.732046 
0.654508 
0.567853 
0.473220 
0.371869 
0.265154 
0.154508 
0.041426 
-0.072561 
-0.185904 
-0.297059 
-0.404508 
-0.506782 
-0.602479 
-0.690284 
-0.768993 
-0.837521 
-0.894926 
-0.940417 
-0.973365 
-0.993318 
-1.000000 
-0.993318 
-0.973365 
-0.940417 
-0.894926 
-0.837521 
-0.768993 
-0.690284 
-0.602479 
-0.506782 
-0.404508 
-0.297059 
-0.185904 
-0.072561 
0.041426 
0.154508 
0.265154 
0.371869 
0.473220 
0.567853 
0.654508 
0.732046 
0.799454 
0.855864 
0.900566 
0.933013 
0.952830 
0.959820 
0.953962 
0.935414 
0.904508 
0.861745 
0.807786 
0.743442 
0.669662 
0.587521 
0.498199 
0.402968 
0.303170 
0.200202 
0.095492 
-0.009521 
-0.113405 
-0.214756 
-0.312220 
-0.404508 
-0.490418 
-0.568844 
-0.638800 
-0.699426 
-0.750000 
-0.789950 
-0.818857 
-0.836461 
-0.842662 
-0.837521 
-0.821257 
-0.794240 
-0.756987 
-0.710151 
-0.654508 
-0.590952 
-0.520469 
-0.444133 
-0.363082 
-0.278504 
-0.191619 
-0.103659 
-0.015853 
0.070592 
0.154508 
0.234785 
0.310380 
0.380336 
0.443793 
0.500000 
0.548322 
0.588247 
0.619397 
0.641522 
0.654508 
0.658377 
0.653277 
0.639486 
0.617398 
0.587521 
0.550463 
0.506924 
0.457679 
0.403570 
0.345492 
0.284371 
0.221160 
0.156816 
0.092288 
0.028504 
-0.033645 
-0.093316 
-0.149726 
-0.202165 
-0.250000 
-0.292689 
-0.329783 
-0.360932 
-0.385889 
-0.404508 
-0.416749 
-0.422668 
-0.422422 
-0.416258 
-0.404508 
-0.387583 
-0.365961 
-0.340177 
-0.310818 
-0.278504 
-0.243883 
-0.207615 
-0.170362 
-0.132777 
-0.095492 
-0.059108 
-0.024186 
0.008763 
0.039285 
0.066987 
0.091549 
0.112719 
0.130323 
0.144261 
0.154508 
0.161116 
0.164203 
0.163958 
0.160625 
0.154508 
0.145955 
0.135351 
0.123113 
0.109678 
0.095492 
0.081003 
0.066652 
0.052860 
0.040024 
0.028504 
0.018619 
0.010640 
0.004782 
0.001204 
0.000000 
0.001204 
0.004782 
0.010640 
0.018619 
0.028504 
0.040024 
0.052860 
0.066652 
0.081003 
0.095492 
0.109678 
0.123113 
0.135351 
0.145955 
0.154508 
0.160625 
0.163958 
0.164203 
0.161116 
0.154508 
0.144261 
0.130323 
0.112719 
0.091549 
0.066987 
0.039285 
0.008763 
-0.024186 
-0.059108 
-0.095492 
-0.132777 
-0.170362 
-0.207615 
-0.243883 
-0.278504 
-0.310818 
-0.340177 
-0.365961 
-0.387583 
-0.404508 
-0.416258 
-0.422422 
-0.422668 
-0.416749 
-0.404508 
-0.385889 
-0.360932 
-0.329783 
-0.292689 
-0.250000 
-0.202165 
-0.149726 
-0.093316 
-0.033645 
0.028504 
0.092288 
0.156816 
0.221160 
0.284371 
0.345492 
0.403570 
0.457679 
0.506924 
0.550463 
0.587521 
0.617398 
0.639486 
0.653277 
0.658377 
0.654508 
0.641522 
0.619397 
0.588247 
0.548322 
0.500000 
0.443793 
0.380336 
0.310380 
0.234785 
0.154508 
0.070592 
-0.015853 
-0.103659 
-0.191619 
-0.278504 
-0.363082 
-0.444133 
-0.520469 
-0.590952 
-0.654508 
-0.710151 
-0.756987 
-0.794240 
-0.821257 
-0.837521 
-0.842662 
-0.836461 
-0.818857 
-0.789950 
-0.750000 
-0.699426 
-0.638800 
-0.568844 
-0.490418 
-0.404508 
-0.312220 
-0.214756 
-0.113405 
-0.009521 
0.095492 
0.200202 
0.303170 
0.402968 
0.498199 
0.587521 
0.669662 
0.743442 
0.807786 
0.861745 
0.904508 
0.935414 
0.953962 
0.959820 
0.952830 
0.933013 
0.900566 
0.855864 
0.799454 
0.732046 
0.654508 
0.567853 
0.473220 
0.371869 
0.265154 
0.154508 
0.041426 
-0.072561 
-0.185904 
-0.297059 
-0.404508 
-0.506782 
-0.602479 
-0.690284 
-0.768993 
-0.837521 
-0.894926 
-0.940417 
-0.973365 
-0.993318 
-1.000000 
-0.993318 
-0.973365 
-0.940417 
-0.894926 
-0.837521 
-0.768993 
-0.690284 
-0.602479 
-0.506782 
-0.404508 
-0.297059 
-0.185904 
-0.072561 
0.041426 
0.154508 
0.265154 
0.371869 
0.473220 
0.567853 
0.654508 
0.732046 
0.799454 
0.855864 
0.900566 
0.933013 
0.952830 
0.959820 
0.953962 
0.935414 
0.904508 
0.861745 
0.807786 
0.743442 
0.669662 
0.587521 
0.498199 
0.402968 
0.303170 
0.200202 
0.095492 
-0.009521 
-0.113405 
-0.214756 
-0.312220 
-0.404508 
-0.490418 
-0.568844 
-0.638800 
-0.699426 
-0.750000 
-0.789950 
-0.818857 
-0.836461 
-0.842662 
-0.837521 
-0.821257 
-0.794240 
-0.756987 
-0.710151 
-0.654508 
-0.590952 
-0.520469 
-0.444133 
-0.363082 
-0.278504 
-0.191619 
-0.103659 
-0.015853 
0.070592 
0.154508 
0.234785 
0.310380 
0.380336 
0.443793 
0.500000 
0.548322 
0.588247 
0.619397 
0.641522 
0.654508 
0.658377 
0.653277 
0.639486 
0.617398 
0.587521 
0.550463 
0.506924 
0.457679 
0.403570 
0.345492 
0.284371 
0.221160 
0.156816 
0.092288 
0.028504 
-0.033645 
-0.093316 
-0.149726 
-0.202165 
-0.250000 
-0.292689 
-0.329783 
-0.360932 
-0.385889 
-0.404508 
-0.416749 
-0.422668 
-0.422422 
-0.416258 
-0.404508 
-0.387583 
-0.365961 
-0.340177 
-0.310818 
-0.278504 
-0.243883 
-0.207615 
-0.170362 
-0.132777 
-0.095492 
-0.059108 
-0.024186 
0.008763 
0.039285 
0.066987 
0.091549 
0.112719 
0.130323 
0.144261 
0.154508 
0.161116 
0.164203 
0.163958 
0.160625 
0.154508 
0.145955 
0.135351 
0.123113 
0.109678 
0.095492 
0.081003 
0.066652 
0.052860 
0.040024 
0.028504 
0.018619 
0.010640 
0.004782 
0.001204 
0.000000 
0.001204 
0.004782 
0.010640 
0.018619 
0.028504 
0.040024 
0.052860 
0.066652 
0.081003 
0.095492 
0.109678 
0.123113 
0.135351 
0.145955 
0.154508 
0.160625 
0.163958 
0.164203 
0.161116 
0.154508 
0.144261 
0.130323 
0.112719 
0.091549 
0.066987 
0.039285 
0.008763 
-0.024186 
-0.059108 
-0.095492 
-0.132777 
-0.170362 
-0.207615 
-0.243883 
-0.278504 
-0.310818 
-0.340177 
-0.365961 
-0.387583 
-0.404508 
-0.416258 
-0.422422 
-0.422668 
-0.416749 
-0.404508 
-0.385889 
-0.360932 
-0.329783 
-0.292689 
-0.250000 
-0.202165 
-0.149726 
-0.093316 
-0.033645 
0.028504 
0.092288 
0.156816 
0.221160 
0.284371 
0.345492 
0.403570 
0.457679 
0.506924 
0.550463 
0.587521 
0.617398 
0.639486 
0.653277 
0.658377 
0.654508 
0.641522 
0.619397 
0.588247 
0.548322 
0.500000 
0.443793 
0.380336 
0.310380 
0.234785 
0.154508 
0.070592 
-0.015853 
-0.103659 
-0.191619 
-0.278504 
-0.363082 
-0.444133 
-0.520469 
-0.590952 
-0.654508 
-0.710151 
-0.756987 
-0.794240 
-0.821257 
-0.837521 
-0.842662 
-0.836461 
-0.818857 
-0.789950 
-0.750000 
-0.699426 
-0.638800 
-0.568844 
-0.490418 
-0.404508 
-0.312220 
-0.214756 
-0.113405 
-0.009521 
0.095492 
0.200202 
0.303170 
0.402968 
0.498199 
0.587521 
0.669662 
0.743442 
0.807786 
0.861745 
0.904508 
0.935414 
0.953962 
0.959820 
0.952830 
0.933013 
0.900566 
0.855864 
0.799454 
0.732046 
0.654508 
0.567853 
0.473220 
0.371869 
0.265154 
0.154508 
0.041426 
-0.072561 
-0.185904 
-0.297059 
-0.404508 
-0.506782 
-0.602479 
-0.690284 
-0.768993 
-0.837521 
-0.894926 
-0.940417 
-0.973365 
-0.993318 
-1.000000 
-0.993318 
-0.973365 
-0.940417 
-0.894926 
-0.837521 
-0.768993 
-0.690284 
-0.602479 
-0.506782 
-0.404508 
-0.297059 
-0.185904 
-0.072561 
0.041426 
0.154508 
0.265154 
0.371869 
0.473220 
0.567853 
0.654508 
0.732046 
0.799454 
0.855864 
0.900566 
0.933013 
0.952830 
0.959820 
0.953962 
0.935414 
0.904508 
0.861745 
0.807786 
0.743442 
0.669662 
0.587521 
0.498199 
0.402968 
0.303170 
0.200202 
0.095492 
-0.009521 
-0.113405 
-0.214756 
-0.312220 
-0.404508 
-0.490418 
-0.568844 
-0.638800 
-0.699426 
-0.750000 
-0.789950 
-0.818857 
-0.836461 
-0.842662 
-0.837521 
-0.821257 
-0.794240 
-0.756987 
-0.710151 
-0.654508 
-0.590952 
-0.520469 
-0.444133 
-0.363082 
-0.278504 
-0.191619 
-0.103659 
-0.015853 
0.070592 
0.154508 
0.234785 
0.310380 
0.380336 
0.443793 
0.500000 
0.548322 
0.588247 
0.619397 
0.641522 
0.654508 
0.658377 
0.653277 
0.639486 
0.617398 
0.587521 
0.550463 
0.506924 
0.457679 
0.403570 
0.345492 
0.284371 
0.221160 
0.156816 
0.092288 
0.028504 
-0.033645 
-0.093316 
-0.149726 
-0.202165 
-0.250000 
-0.292689 
-0.329783 
-0.360932 
-0.385889 
-0.404508 
-0.416749 
-0.422668 
-0.422422 
-0.416258 
-0.404508 
-0.387583 
-0.365961 
-0.340177 
-0.310818 
-0.278504 
-0.243883 
-0.207615 
-0.170362 
-0.132777 
-0.095492 
-0.059108 
-0.024186 
0.008763 
0.039285 
0.066987 
0.091549 
0.112719 
0.130323 
0.144261 
0.154508 
0.161116 
0.164203 
0.163958 
0.160625 
0.154508 
0.145955 
0.135351 
0.123113 
0.109678 
0.095492 
0.081003 
0.066652 
0.052860 
0.040024 
0.028504 
0.018619 
0.010640 
0.004782 
0.001204 
0.000000 
0.001204 
0.004782 
0.010640 
0.018619 
0.028504 
0.040024 
0.052860 
0.066652 
0.081003 
0.095492 
0.109678 
0.123113 
0.135351 
0.145955 
0.154508 
0.160625 
0.163958 
0.164203 
0.161116 
0.154508 
0.144261 
0.130323 
0.112719 
0.091549 
0.066987 
0.039285 
0.008763 
-0.024186 
-0.059108 
-0.095492 
-0.132777 
-0.170362 
-0.207615 
-0.243883 
-0.278504 
-0.310818 
-0.340177 
-0.365961 
-0.387583 
-0.404508 
-0.416258 
-0.422422 
-0.422668 
-0.416749 
-0.404508 
-0.385889 
-0.360932 
-0.329783 
-0.292689 
-0.250000 
-0.202165 
-0.149726 
-0.093316 
-0.033645 
0.028504 
0.092288 
0.156816 
0.221160 
0.284371 
0.345492 
0.403570 
0.457679 
0.506924 
0.550463 
0.587521 
0.617398 
0.639486 
0.653277 
0.658377 
0.654508 
0.641522 
0.619397 
0.588247 
0.548322 
0.500000 
0.443793 
0.380336 
0.310380 
0.234785 
0.154508 
0.070592 
-0.015853 
-0.103659 
-0.191619 
-0.278504 
-0.363082 
-0.444133 
-0.520469 
-0.590952 
-0.654508 
-0.710151 
-0.756987 
-0.794240 
-0.821257 
-0.837521 
-0.842662 
-0.836461 
-0.818857 
-0.789950 
-0.750000 
-0.699426 
-0.638800 
-0.568844 
-0.490418 
-0.404508 
-0.312220 
-0.214756 
-0.113405 
-0.009521 
0.095492 
0.200202 
0.303170 
0.402968 
0.498199 
0.587521 
0.669662 
0.743442 
0.807786 
0.861745 
0.904508 
0.935414 
0.953962 
0.959820 
0.952830 
0.933013 
0.900566 
0.855864 
0.799454 
0.732046 
0.654508 
0.567853 
0.473220 
0.371869 
0.265154 
0.154508 
0.041426 
-0.072561 
-0.185904 
-0.297059 
-0.404508 
-0.506782 
-0.602479 
-0.690284 
-0.768993 
-0.837521 
-0.894926 
-0.940417 
-0.973365 
-0.993318 
-1.000000 
-0.993318 
-0.973365 
-0.940417 
-0.894926 
-0.837521 
-0.768993 
-0.690284 
-0.602479 
-0.506782 
-0.404508 
-0.297059 
-0.185904 
-0.072561 
0.041426 
0.154508 
0.265154 
0.371869 
0.473220 
0.567853 
0.654508 
0.732046 
0.799454 
